#<Embryo name> <Cleavage cycle> <Temporal class> <Genes>
ab16 13  - even-skipped caudal bicoid

#Quantitative data
#<Nucleus number> <A-P coordinate> <D-V coordinate> <Fluorescence intensity: channel 1 - eve, channel 2 - cad, channel 3 - bcd>
0 1.84 43.65 8.06 12.89 180.02
1 2.25 49.74 8.32 11.76 172.45
2 3.11 36.09 8.80 13.66 182.84
3 3.06 54.04 9.85 14.92 189.36
4 3.76 39.70 11.36 16.78 185.12
5 3.60 31.17 6.30 9.89 141.83
6 3.75 47.50 15.13 21.31 214.37
7 3.78 43.70 15.19 21.33 228.53
8 4.62 50.80 16.89 22.30 214.21
9 4.03 27.50 5.37 6.83 77.89
10 4.43 55.66 16.36 23.55 232.85
11 5.04 33.57 10.97 16.36 188.41
12 5.28 58.70 13.38 18.75 202.04
13 5.32 28.64 7.48 12.27 151.50
14 5.74 38.22 15.54 23.05 212.97
15 5.65 43.24 17.13 23.59 198.28
16 6.06 53.27 20.35 25.48 201.33
17 6.08 48.03 21.23 26.71 219.99
18 6.95 34.50 14.47 22.23 196.55
19 6.97 26.15 8.99 13.86 155.72
20 7.26 30.51 14.10 19.52 200.89
21 7.23 56.17 22.06 29.94 220.55
22 7.17 59.54 21.29 27.59 207.09
23 7.40 22.02 6.38 10.11 110.30
24 7.34 39.50 19.20 26.32 221.68
25 7.28 62.99 19.84 27.14 225.26
26 7.51 45.16 21.69 30.29 213.27
27 8.05 49.08 24.52 30.54 218.47
28 7.97 52.80 25.12 31.18 223.97
29 8.71 41.80 21.08 29.69 202.66
30 8.79 28.44 14.10 23.15 206.78
31 8.93 37.01 18.68 27.96 211.07
32 8.91 62.10 20.98 27.54 189.59
33 9.10 24.44 10.18 16.70 163.64
34 9.07 33.12 18.51 27.56 209.99
35 9.08 56.54 25.79 31.33 206.73
36 9.28 20.24 7.17 12.68 116.41
37 9.65 46.19 22.52 34.16 217.28
38 9.96 51.75 22.93 30.86 179.11
39 9.99 59.50 28.63 36.89 226.06
40 10.61 31.38 18.19 28.76 195.94
41 10.75 37.81 19.92 28.29 182.45
42 10.70 42.67 23.58 33.50 212.08
43 10.66 65.33 21.83 28.23 180.43
44 10.76 27.35 18.10 26.00 203.63
45 10.99 23.39 12.31 22.28 173.77
46 11.25 56.83 27.12 33.28 180.64
47 11.19 61.61 29.32 33.93 195.40
48 11.34 47.13 25.73 36.72 206.05
49 11.46 19.46 10.59 16.32 138.60
50 12.04 50.20 25.76 35.51 187.31
51 12.10 70.45 18.95 24.49 165.56
52 12.25 34.31 23.87 32.09 195.36
53 12.38 53.61 31.46 39.37 209.77
54 12.39 40.82 26.40 35.00 212.46
55 12.70 28.09 19.93 29.16 190.08
56 12.88 31.17 22.35 32.93 195.43
57 12.95 44.94 25.51 35.56 191.15
58 12.63 63.59 29.77 35.71 165.84
59 13.09 25.05 17.40 29.89 187.98
60 13.00 17.30 9.62 16.46 118.50
61 13.04 21.81 14.61 26.06 180.82
62 12.96 67.20 26.73 32.90 172.52
63 13.29 37.70 25.48 36.47 195.50
64 13.37 59.96 28.79 34.77 151.86
65 13.46 55.79 31.29 41.24 197.11
66 14.04 50.80 28.90 38.59 177.64
67 14.27 70.52 26.74 30.10 138.91
68 14.75 15.52 11.94 19.27 122.62
69 14.37 42.33 29.05 40.66 209.66
70 14.63 35.06 24.85 35.93 183.37
71 14.51 65.96 30.77 38.09 158.06
72 14.56 19.87 16.30 25.68 157.61
73 14.95 46.95 28.84 39.65 183.74
74 14.70 27.46 23.26 36.66 212.80
75 15.11 31.15 24.56 35.71 173.12
76 15.04 74.64 18.43 23.62 112.51
77 15.16 23.85 20.83 31.85 170.45
78 15.51 39.40 28.42 39.44 181.27
79 15.06 55.48 32.31 41.58 187.45
80 15.56 59.00 32.18 38.48 159.07
81 15.51 62.83 32.42 39.34 146.00
82 15.99 51.46 31.42 40.41 168.80
83 16.37 43.54 28.71 41.10 179.65
84 15.98 68.96 31.33 32.54 127.42
85 16.23 20.47 20.36 32.30 170.63
86 16.45 34.98 26.26 38.84 170.44
87 16.62 27.82 24.90 36.04 162.16
88 16.68 72.69 28.43 33.19 113.01
89 16.89 76.86 20.10 24.22 94.53
90 16.96 66.13 36.03 44.22 154.51
91 17.02 47.32 33.89 45.47 178.48
92 17.20 54.98 33.35 42.73 149.78
93 17.22 23.85 24.35 38.02 171.39
94 17.44 13.89 13.08 21.90 98.42
95 17.64 32.18 26.52 38.54 160.33
96 17.43 39.57 30.02 42.55 170.90
97 17.38 59.08 36.98 45.32 160.55
98 17.63 62.59 38.13 45.63 150.28
99 17.85 50.34 37.19 47.99 175.78
100 18.06 20.01 23.40 35.12 146.77
101 18.29 69.69 31.38 35.76 106.87
102 18.42 44.36 32.05 43.16 151.00
103 18.49 36.86 30.26 41.21 157.53
104 18.64 74.64 29.31 32.26 92.53
105 18.75 11.83 11.42 18.34 79.35
106 18.83 29.54 30.73 42.13 155.73
107 18.66 26.27 30.33 46.20 182.10
108 18.91 16.73 19.20 32.60 131.95
109 18.96 65.04 35.91 42.75 119.63
110 19.10 52.44 35.16 44.19 132.00
111 19.14 56.25 36.25 42.82 126.64
112 19.34 22.73 26.50 38.54 137.34
113 19.69 60.09 35.99 39.79 109.26
114 19.49 48.73 37.56 46.47 147.82
115 19.87 41.18 34.72 44.86 146.20
116 19.99 32.40 34.19 47.21 167.98
117 19.91 78.44 26.77 28.52 80.82
118 20.12 36.14 35.04 47.08 161.04
119 20.09 72.21 36.12 40.29 105.98
120 20.42 45.66 39.89 51.92 152.90
121 20.28 68.50 41.51 47.53 120.08
122 20.41 14.65 21.26 29.89 113.82
123 20.67 18.27 25.71 35.81 118.04
124 20.76 26.47 28.54 41.11 123.46
125 20.58 63.77 41.94 50.35 124.51
126 21.20 81.92 22.30 22.80 64.15
127 21.16 11.79 16.14 25.39 87.05
128 20.97 51.07 37.63 46.08 119.15
129 21.10 55.79 36.22 42.20 101.08
130 21.21 22.37 29.64 39.55 120.00
131 21.46 30.45 35.18 44.40 136.02
132 21.26 75.41 37.88 36.36 82.08
133 21.46 38.69 36.93 47.93 143.07
134 21.73 60.56 44.68 47.86 111.20
135 21.73 66.77 44.36 48.52 110.10
136 21.89 42.49 41.11 49.85 135.17
137 22.10 34.46 37.92 47.71 134.10
138 22.24 47.60 38.19 47.40 110.94
139 22.42 71.59 42.29 43.73 86.77
140 22.24 8.86 13.35 19.51 61.31
141 22.33 79.64 43.32 39.57 87.70
142 22.20 20.18 30.19 37.55 107.48
143 22.84 16.87 30.31 39.41 104.24
144 22.78 13.46 25.22 32.12 91.71
145 22.78 25.69 37.79 47.99 128.18
146 22.87 52.51 39.03 47.49 96.96
147 23.12 62.91 41.07 44.43 83.63
148 23.17 28.72 40.53 48.34 124.22
149 23.07 57.54 39.54 47.05 92.95
150 23.18 76.05 42.60 40.34 76.74
151 23.49 38.57 41.45 53.24 122.41
152 23.41 43.07 43.11 56.39 139.12
153 23.38 67.40 44.17 44.74 79.69
154 23.64 83.09 31.07 27.61 60.23
155 23.03 19.88 32.89 44.91 114.23
156 23.56 22.91 42.41 50.88 124.99
157 24.07 31.46 47.92 51.14 119.21
158 24.02 10.40 18.58 26.15 67.34
159 23.95 35.14 44.43 53.76 133.66
160 24.11 46.44 42.04 51.20 104.46
161 24.41 71.20 47.22 45.41 77.19
162 24.11 7.31 12.41 18.41 43.20
163 24.59 79.21 48.80 42.57 74.09
164 24.08 51.29 46.26 47.09 91.09
165 24.55 19.81 36.48 43.87 90.87
166 24.47 14.70 30.79 36.54 83.97
167 24.92 54.79 46.27 47.84 84.00
168 24.69 59.03 46.88 52.09 93.72
169 25.03 75.07 52.28 42.81 70.50
170 24.95 64.73 52.34 50.28 87.92
171 24.98 24.67 42.98 47.22 100.09
172 24.98 41.91 48.75 53.81 123.15
173 24.90 51.09 45.03 49.91 90.44
174 25.63 27.75 48.58 51.43 104.79
175 25.68 68.21 46.56 43.46 65.51
176 25.55 34.96 51.39 58.54 121.51
177 25.51 48.12 52.69 61.15 120.19
178 25.80 38.82 47.73 53.10 107.03
179 25.79 61.01 46.51 46.47 77.09
180 25.92 17.52 42.97 46.19 89.04
181 25.72 31.10 55.63 61.40 124.81
182 25.99 83.41 40.75 33.74 54.47
183 26.01 9.43 26.67 27.77 57.95
184 25.93 13.29 36.10 38.89 77.23
185 26.04 44.10 53.76 55.72 109.03
186 26.28 21.68 43.06 47.58 85.17
187 26.50 73.00 55.95 47.22 68.02
188 26.44 79.88 59.24 46.60 71.05
189 26.60 51.72 58.49 55.86 91.22
190 26.70 56.54 49.70 48.55 70.07
191 27.40 76.91 62.04 45.42 59.26
192 27.07 63.03 56.11 48.13 66.64
193 27.11 25.87 53.03 53.85 90.61
194 27.13 33.48 60.57 60.01 111.43
195 26.72 47.63 52.17 50.47 90.61
196 27.25 37.42 54.41 54.90 96.45
197 27.42 30.05 61.43 57.26 96.27
198 27.59 70.00 63.49 53.75 69.98
199 27.52 15.62 48.23 46.11 74.96
200 27.56 42.36 51.90 52.51 88.03
201 27.35 46.28 57.31 57.87 87.64
202 27.67 66.27 58.66 46.50 58.64
203 27.88 7.97 27.33 25.74 46.14
204 27.75 12.21 42.33 36.78 61.83
205 27.87 59.06 52.87 48.31 66.70
206 27.78 19.32 52.57 49.44 74.86
207 28.09 84.91 59.50 36.48 49.21
208 28.04 23.32 60.77 59.08 94.83
209 28.11 49.56 62.19 55.35 81.77
210 28.30 53.69 58.83 53.64 71.41
211 28.50 81.33 73.09 49.11 60.91
212 28.73 73.68 72.83 52.41 61.80
213 28.63 37.88 67.49 60.52 92.61
214 28.84 27.91 65.98 57.00 82.86
215 28.85 34.57 66.58 58.25 91.14
216 28.91 45.70 63.79 58.21 80.76
217 29.12 62.15 61.01 48.61 56.96
218 29.07 31.42 64.68 58.11 88.25
219 28.72 57.64 52.49 41.37 51.39
220 29.31 11.64 50.07 38.80 58.36
221 28.95 42.19 66.17 59.61 91.72
222 29.47 78.35 73.82 49.19 53.80
223 29.42 18.48 59.76 51.04 69.63
224 29.42 22.04 68.03 56.17 72.20
225 29.43 66.50 68.56 48.69 53.28
226 29.63 15.14 63.38 50.10 68.00
227 29.94 70.48 70.57 48.75 51.66
228 29.68 48.45 65.97 59.37 75.52
229 29.59 40.05 72.06 61.89 96.01
230 29.84 55.32 71.55 61.27 81.32
231 29.97 25.86 70.17 57.91 73.84
232 29.97 51.66 75.32 59.83 73.85
233 30.20 9.13 47.50 36.86 53.07
234 30.14 58.79 64.49 52.35 56.60
235 30.33 36.99 72.59 59.65 80.55
236 30.50 42.86 70.36 61.75 82.81
237 30.52 75.70 77.87 51.32 50.66
238 30.63 33.50 77.93 60.46 76.90
239 30.80 29.78 73.90 60.58 72.84
240 31.04 87.99 56.89 32.50 38.98
241 30.93 45.35 68.05 58.19 75.80
242 31.08 6.52 37.60 30.07 40.84
243 30.90 40.07 72.18 66.71 77.75
244 30.61 62.73 64.41 46.09 49.57
245 31.05 20.56 65.86 57.16 62.34
246 31.13 66.86 75.87 49.97 48.57
247 31.31 23.80 76.16 58.03 63.16
248 31.42 17.41 72.19 57.74 65.10
249 31.46 73.24 79.52 51.49 48.97
250 31.43 79.61 83.91 49.23 48.84
251 31.41 13.38 57.32 45.25 51.51
252 31.53 48.43 70.31 57.55 62.15
253 31.27 52.46 79.96 60.62 68.12
254 31.67 57.50 77.88 60.24 62.66
255 31.48 62.19 69.56 50.63 48.96
256 32.11 27.15 77.59 57.80 62.32
257 31.77 37.36 81.30 65.90 74.98
258 32.19 33.73 89.99 60.05 66.88
259 32.36 83.08 91.25 53.55 51.85
260 32.44 10.00 61.76 40.29 46.10
261 32.30 41.01 83.37 60.81 66.31
262 32.70 30.65 91.07 58.75 59.53
263 32.71 69.61 90.80 57.72 53.61
264 32.41 53.02 97.72 63.84 65.05
265 32.71 6.18 38.59 28.73 34.44
266 32.77 65.86 84.76 53.48 44.46
267 33.03 86.56 70.61 38.80 36.77
268 32.64 45.35 90.62 69.34 75.66
269 33.05 77.76 89.67 54.55 46.74
270 32.85 22.78 76.05 57.37 55.79
271 32.99 61.66 81.25 54.29 45.58
272 33.26 15.50 77.71 52.60 47.86
273 33.35 19.40 80.59 51.85 47.29
274 33.10 37.28 90.60 62.29 63.84
275 33.31 48.52 90.59 63.20 59.33
276 33.17 73.22 91.37 55.28 44.59
277 33.24 91.78 34.54 23.36 27.37
278 33.26 56.90 78.56 56.71 47.31
279 33.41 42.44 97.81 67.13 66.04
280 33.87 12.34 72.01 48.56 47.21
281 33.56 26.00 90.68 55.55 49.74
282 33.71 52.23 93.12 63.74 52.35
283 33.83 28.18 96.39 61.19 52.55
284 33.97 32.67 87.59 59.51 56.57
285 34.24 81.36 98.68 58.96 45.55
286 34.34 89.39 56.14 38.21 36.26
287 34.38 8.28 53.76 35.58 33.94
288 34.35 36.35 104.56 67.05 61.48
289 34.49 46.07 100.04 60.90 50.49
290 34.17 23.00 80.86 56.01 48.80
291 34.59 75.11 91.88 57.06 39.31
292 34.43 66.19 79.43 51.46 39.39
293 34.35 60.14 83.50 56.50 41.80
294 34.80 39.56 103.10 66.32 57.34
295 34.43 70.19 79.03 53.61 37.73
296 34.70 42.54 105.31 69.97 60.22
297 34.86 50.54 108.48 65.80 52.59
298 34.72 55.47 94.54 60.26 48.04
299 34.82 18.01 95.77 61.93 49.42
300 35.04 85.70 87.36 50.32 38.97
301 34.80 24.59 89.34 54.90 45.58
302 35.14 28.44 97.73 62.73 49.22
303 35.44 92.82 37.52 26.54 26.75
304 34.80 63.59 78.22 45.85 34.56
305 35.41 14.74 91.65 61.62 48.74
306 35.24 71.30 80.36 57.58 39.27
307 35.36 20.81 101.68 60.66 48.59
308 35.57 78.26 99.01 62.48 40.77
309 35.61 10.89 72.58 52.97 43.45
310 35.37 33.18 107.98 69.66 55.91
311 35.27 59.99 88.82 54.24 39.20
312 35.48 4.41 32.88 24.45 23.33
313 35.60 63.71 96.91 57.11 40.15
314 35.98 82.12 101.58 58.52 38.07
315 35.96 45.24 116.35 70.32 52.73
316 36.04 37.60 118.23 81.12 63.58
317 36.21 52.67 118.49 71.96 52.90
318 36.20 68.37 93.21 61.29 38.45
319 36.41 49.12 106.30 65.77 46.07
320 36.17 5.47 37.11 28.08 22.15
321 35.89 22.49 91.65 53.72 41.25
322 36.33 89.04 65.03 40.86 31.49
323 36.24 56.23 99.59 63.47 45.26
324 36.00 25.47 93.10 62.22 44.69
325 36.44 74.70 89.51 57.56 35.77
326 36.46 41.96 108.19 68.83 49.05
327 36.41 64.71 88.98 54.51 35.08
328 36.66 17.70 84.05 58.37 39.37
329 36.61 30.97 107.26 68.05 48.57
330 36.28 62.16 87.96 49.56 34.79
331 36.87 59.21 101.36 66.59 40.69
332 36.95 8.54 61.48 48.96 38.32
333 36.58 26.99 91.57 66.14 44.44
334 37.11 71.44 90.98 52.09 31.67
335 36.96 34.98 107.49 78.70 53.82
336 37.20 23.93 89.22 57.30 38.31
337 37.48 84.47 89.97 53.75 34.69
338 36.94 21.76 92.21 58.07 38.99
339 37.59 93.54 35.12 26.71 22.00
340 37.29 79.07 96.82 59.54 35.79
341 37.43 46.79 116.22 72.22 47.57
342 37.80 40.39 108.16 68.87 45.26
343 37.60 66.66 86.86 60.65 35.28
344 37.70 28.39 109.61 71.45 46.73
345 37.59 53.85 105.97 65.36 42.82
346 37.93 62.37 95.22 63.67 37.33
347 37.92 89.29 71.07 44.56 31.49
348 38.05 20.45 99.02 69.55 44.19
349 37.83 51.26 91.99 56.01 34.57
350 37.86 81.33 82.39 45.07 28.41
351 38.33 44.87 112.38 70.42 42.19
352 38.19 6.27 48.66 41.10 28.03
353 38.55 76.16 86.68 61.98 32.40
354 38.30 16.60 87.38 63.08 37.51
355 38.42 32.55 107.88 75.43 44.62
356 38.35 37.16 105.28 67.02 43.21
357 38.11 71.87 84.10 55.84 31.29
358 38.42 58.42 101.70 67.29 37.87
359 38.22 8.16 55.52 35.38 24.43
360 38.92 24.19 93.39 64.81 36.55
361 38.52 65.70 85.17 58.14 32.92
362 38.97 10.43 63.41 50.14 30.77
363 38.88 49.59 102.65 69.21 39.95
364 39.08 54.64 108.30 69.24 38.67
365 38.59 69.04 78.39 55.35 30.49
366 38.77 86.75 94.82 62.73 36.33
367 39.04 27.80 107.97 70.90 40.65
368 39.29 80.30 102.01 65.38 33.39
369 39.59 91.11 63.50 45.79 29.21
370 39.67 13.85 80.36 57.93 31.73
371 39.26 42.33 109.94 73.52 42.67
372 39.65 83.89 108.70 71.90 37.18
373 39.46 62.62 93.67 59.77 34.04
374 39.87 71.53 97.88 72.39 36.76
375 39.76 20.95 92.53 69.02 34.18
376 39.70 35.65 108.36 79.17 46.00
377 39.66 68.16 87.35 62.88 31.05
378 39.60 6.85 48.77 43.33 26.61
379 39.95 39.48 111.80 80.91 42.35
380 39.85 58.53 104.41 68.54 35.10
381 40.18 94.49 32.47 28.22 20.00
382 39.79 17.25 101.52 88.84 43.32
383 39.94 64.22 85.11 60.34 32.49
384 40.24 74.62 94.90 68.64 33.07
385 39.60 86.97 99.58 64.90 39.47
386 40.19 30.76 94.55 72.91 37.95
387 40.05 46.30 108.01 74.82 39.81
388 39.96 43.71 104.85 68.16 38.38
389 40.13 51.78 100.53 75.81 38.79
390 40.24 4.48 31.72 22.74 10.90
391 40.62 27.22 117.15 89.12 42.11
392 40.82 78.09 99.74 71.89 30.46
393 40.45 47.99 96.28 75.12 37.79
394 40.71 59.41 98.33 65.33 32.61
395 40.92 34.13 101.23 78.08 38.82
396 41.03 11.53 71.07 56.74 28.08
397 40.81 55.49 104.90 70.64 34.34
398 41.03 7.52 51.12 46.16 24.50
399 41.13 23.85 90.32 73.07 34.12
400 41.14 87.49 83.86 64.15 34.49
401 41.20 66.04 85.42 66.99 29.14
402 41.35 82.55 87.99 62.70 29.41
403 40.91 51.58 103.52 79.83 35.40
404 41.31 42.21 115.95 83.11 38.42
405 41.23 18.49 81.23 69.29 32.94
406 41.68 61.90 98.37 71.16 32.69
407 41.64 49.81 101.98 81.93 36.20
408 41.88 69.58 85.33 66.38 28.48
409 41.64 92.00 58.00 47.03 26.94
410 41.94 38.73 99.56 78.41 34.81
411 41.94 46.20 101.36 78.42 34.98
412 42.08 14.94 76.95 71.55 29.91
413 41.62 55.52 108.95 74.03 35.97
414 42.15 73.37 81.61 68.31 27.66
415 42.17 31.60 97.16 91.93 38.20
416 42.17 58.17 102.95 74.32 32.86
417 42.01 27.25 88.59 78.97 34.19
418 41.88 53.18 106.04 70.42 31.44
419 42.33 22.56 88.82 77.51 33.00
420 42.36 6.17 47.48 43.37 24.32
421 42.49 35.54 108.50 91.85 39.89
422 42.40 77.86 109.20 85.58 34.32
423 42.56 28.51 94.00 74.32 33.51
424 42.84 11.35 58.27 64.28 26.91
425 42.92 86.66 77.62 64.04 28.22
426 42.87 18.99 89.85 84.61 33.36
427 42.77 54.06 104.98 80.92 34.64
428 42.87 42.96 107.09 99.55 39.41
429 42.76 82.31 87.05 67.91 27.57
430 43.17 65.02 83.43 71.07 30.09
431 43.31 91.01 60.80 52.06 23.30
432 43.35 50.02 102.27 91.32 37.39
433 43.79 74.94 89.98 71.48 26.71
434 43.75 26.45 94.13 105.76 37.72
435 43.96 47.01 90.65 82.01 31.14
436 43.85 69.64 75.93 70.00 27.45
437 43.83 16.17 83.05 78.79 30.04
438 43.91 30.20 92.41 86.79 32.76
439 43.84 8.54 46.83 52.12 22.13
440 43.85 22.92 84.14 84.90 30.10
441 44.15 33.46 91.51 86.20 31.52
442 44.17 40.43 97.33 89.48 32.17
443 44.00 56.80 102.25 81.26 32.21
444 44.06 60.49 90.88 80.69 30.21
445 43.95 79.29 110.49 90.20 32.62
446 43.70 83.18 79.88 62.54 27.57
447 44.33 37.19 91.27 89.18 32.10
448 44.14 53.56 92.83 70.86 29.94
449 44.61 12.89 76.02 75.23 27.42
450 44.62 88.48 77.68 64.41 25.98
451 44.74 43.84 97.29 88.22 30.24
452 44.98 92.68 50.77 43.07 20.68
453 44.78 20.03 79.61 84.84 29.54
454 45.27 62.55 86.57 76.00 28.40
455 44.94 6.22 42.83 57.89 24.13
456 45.11 50.61 99.26 93.04 32.11
457 45.15 82.06 86.60 70.64 25.97
458 45.56 85.45 87.06 71.24 26.08
459 45.41 66.30 79.82 75.10 26.77
460 45.23 72.99 82.68 76.23 25.89
461 45.56 28.59 87.81 85.73 28.48
462 45.05 53.96 95.33 88.35 32.56
463 45.39 24.51 81.86 92.04 28.65
464 45.64 77.19 87.64 72.17 25.01
465 45.54 10.02 69.34 75.74 26.10
466 45.73 16.02 69.90 78.86 26.67
467 45.83 57.24 93.33 84.45 29.75
468 45.77 34.48 85.77 88.24 27.85
469 45.66 47.31 109.58 95.55 33.32
470 46.24 70.20 79.04 78.57 25.18
471 46.31 39.65 91.46 97.47 30.68
472 46.41 43.91 88.40 89.68 27.68
473 46.33 19.96 75.24 92.65 28.48
474 46.23 11.85 61.13 53.54 22.20
475 46.50 53.20 106.34 94.85 30.93
476 46.67 89.05 58.42 62.20 23.21
477 46.57 4.72 35.44 45.99 15.66
478 46.36 48.81 100.89 97.54 32.22
479 46.88 7.84 49.86 61.90 20.51
480 46.79 93.27 39.87 47.27 18.96
481 47.03 31.09 79.51 93.87 27.36
482 46.91 80.73 86.78 79.93 23.96
483 46.95 23.51 71.54 95.98 27.95
484 47.21 59.80 88.56 84.32 26.42
485 47.13 66.87 73.43 78.00 23.91
486 47.20 74.06 99.42 95.87 27.74
487 47.37 14.01 72.90 81.90 25.25
488 47.27 35.04 82.34 99.57 28.73
489 47.48 84.69 75.54 73.15 23.68
490 47.41 27.42 80.88 100.63 28.80
491 47.90 77.33 83.35 76.26 22.92
492 47.87 63.48 94.54 102.34 30.65
493 47.81 51.54 98.61 109.07 30.99
494 47.71 18.09 69.21 99.79 26.06
495 47.78 48.39 93.01 98.65 28.89
496 47.70 55.75 100.91 102.70 30.59
497 48.05 10.44 54.05 69.01 22.24
498 48.12 38.61 86.89 102.08 27.18
499 48.03 45.12 95.58 101.22 28.85
500 48.21 70.63 88.89 101.53 27.34
501 48.17 41.54 80.48 88.00 25.73
502 48.53 89.02 62.54 68.68 22.19
503 48.71 20.86 75.19 103.71 26.08
504 48.66 5.72 30.98 49.56 14.96
505 48.58 24.23 73.60 107.05 27.18
506 48.58 93.31 38.78 52.25 19.10
507 48.84 81.16 80.30 80.36 21.44
508 49.09 31.59 78.48 102.99 25.23
509 48.92 35.16 83.73 104.98 26.01
510 48.95 60.55 91.23 102.93 27.43
511 48.98 15.95 66.25 96.48 24.92
512 49.01 27.68 81.67 111.12 26.60
513 49.21 67.32 74.87 75.01 23.24
514 49.08 42.62 77.27 89.88 23.74
515 49.18 54.38 94.03 117.57 30.32
516 49.39 57.51 89.09 105.62 28.61
517 49.48 73.33 83.87 83.11 23.24
518 49.43 85.23 85.45 98.83 26.27
519 49.67 11.65 49.61 74.60 20.37
520 49.64 46.74 86.91 100.95 26.79
521 49.66 51.36 86.55 106.55 29.19
522 49.79 7.87 38.07 66.63 17.63
523 50.10 62.82 81.08 93.35 24.75
524 49.86 77.37 79.47 85.02 22.68
525 49.79 38.55 79.28 97.66 23.20
526 50.24 19.05 70.16 103.94 24.22
527 50.25 92.20 44.39 59.45 18.69
528 50.28 23.88 76.78 102.36 23.60
529 50.61 88.09 78.13 84.96 23.49
530 50.41 29.61 76.18 111.86 25.34
531 50.45 39.86 73.79 89.56 22.01
532 50.54 14.62 60.32 99.86 22.88
533 50.61 81.37 82.71 80.40 22.28
534 50.75 43.06 82.29 112.62 26.26
535 50.68 35.28 74.73 101.32 23.56
536 51.13 71.60 64.44 78.81 20.42
537 50.84 66.42 74.31 89.72 23.44
538 50.85 49.09 90.40 129.32 29.98
539 50.85 55.58 91.86 125.17 28.51
540 51.12 59.02 92.44 122.40 29.17
541 51.45 53.05 100.83 145.37 33.51
542 51.34 8.17 40.47 63.57 16.57
543 51.40 76.41 72.33 86.95 21.20
544 51.58 27.18 72.54 116.72 23.39
545 51.72 84.27 84.83 103.78 24.25
546 51.80 19.93 69.79 120.96 23.09
547 51.84 31.72 77.50 111.35 22.20
548 52.04 12.65 49.79 86.79 19.13
549 52.02 16.52 60.07 104.53 21.38
550 52.04 22.90 78.13 114.62 23.23
551 52.00 46.66 83.03 120.00 26.12
552 52.02 90.17 52.48 75.25 19.43
553 51.98 62.88 72.28 98.50 22.55
554 52.42 93.52 36.51 53.10 14.47
555 52.25 39.44 74.17 106.97 22.42
556 52.18 68.53 77.21 96.16 22.59
557 52.46 35.37 70.20 103.18 22.01
558 52.25 50.37 103.68 144.60 28.95
559 52.21 80.34 69.65 79.48 20.52
560 52.58 43.06 75.76 113.40 22.39
561 52.56 56.42 85.56 119.34 27.10
562 52.90 86.83 66.36 96.88 22.44
563 52.81 9.27 40.87 83.51 18.36
564 52.83 75.42 80.56 97.64 22.08
565 53.18 5.56 24.91 53.95 13.35
566 52.99 25.41 70.38 127.13 22.74
567 53.15 60.46 80.28 111.21 23.21
568 53.31 52.47 95.76 146.37 28.35
569 53.62 70.80 64.51 85.88 19.70
570 53.45 29.96 72.35 106.50 21.67
571 53.43 65.49 67.36 90.80 20.67
572 53.04 79.95 68.42 91.84 19.62
573 53.52 19.06 71.40 131.60 22.83
574 53.79 82.90 65.46 88.12 19.80
575 53.72 48.48 84.65 127.81 24.77
576 54.07 15.65 46.76 98.08 19.24
577 53.92 44.27 79.15 118.65 24.29
578 54.02 90.66 46.69 76.64 17.21
579 54.05 11.13 43.09 92.28 19.94
580 53.97 38.41 68.44 109.34 21.40
581 54.15 55.09 86.28 141.81 26.75
582 54.24 22.01 65.39 128.25 21.41
583 54.32 33.97 66.70 104.87 20.26
584 54.47 94.32 29.93 53.23 13.09
585 54.27 78.39 70.04 108.34 21.32
586 54.41 58.25 75.72 121.44 24.17
587 54.48 74.13 79.93 119.38 22.18
588 54.36 26.13 69.66 133.49 23.35
589 54.69 87.39 66.09 92.22 20.12
590 54.83 6.77 29.28 65.86 13.21
591 55.00 62.12 63.11 103.61 20.33
592 54.93 52.21 84.20 147.62 25.42
593 54.82 66.73 71.14 114.37 21.46
594 55.39 39.31 63.23 101.42 19.51
595 55.47 28.41 58.72 113.69 19.87
596 55.41 12.84 43.32 102.08 17.74
597 55.32 49.12 93.12 157.11 26.01
598 55.29 44.94 72.49 123.80 22.50
599 55.40 84.52 66.33 99.45 19.60
600 55.55 19.22 63.55 138.43 22.90
601 55.85 80.92 57.34 91.39 18.66
602 55.68 23.77 62.44 122.64 20.98
603 55.90 71.69 61.52 93.60 19.20
604 55.80 32.09 69.63 122.22 20.30
605 55.91 76.80 59.02 94.17 18.49
606 56.00 54.63 68.13 130.84 23.98
607 56.07 90.85 48.42 71.05 16.16
608 56.08 9.15 32.80 82.57 15.48
609 55.99 58.62 65.30 122.57 22.07
610 56.30 15.55 49.48 116.98 18.56
611 55.98 68.37 59.07 89.63 19.44
612 56.37 66.12 65.84 96.41 19.16
613 56.79 34.42 59.10 112.69 18.38
614 56.62 46.04 70.30 131.07 21.20
615 56.65 41.10 66.69 122.10 20.70
616 56.71 50.29 71.20 137.94 23.73
617 56.81 62.27 65.65 105.16 18.95
618 57.18 6.47 20.35 57.03 10.78
619 56.95 85.20 57.10 91.55 18.30
620 57.06 20.43 55.35 118.50 18.81
621 57.13 24.73 57.51 119.90 18.91
622 57.39 94.76 27.71 54.52 11.48
623 57.57 11.37 39.73 93.29 16.28
624 57.47 28.59 59.05 122.65 19.91
625 57.38 57.57 61.69 129.26 21.02
626 57.43 69.63 57.48 91.82 17.38
627 57.40 75.37 71.04 109.87 20.09
628 57.80 37.45 57.49 116.36 18.89
629 57.68 54.26 67.10 137.36 22.80
630 58.07 88.17 52.03 86.14 16.53
631 57.74 80.83 65.01 111.17 19.55
632 57.84 16.23 43.74 115.06 18.13
633 58.08 91.77 46.14 86.43 15.32
634 58.06 42.49 64.94 121.90 19.24
635 58.14 64.86 63.25 114.18 19.34
636 58.13 46.63 63.77 131.78 20.90
637 58.07 50.68 68.19 145.36 23.22
638 58.40 31.68 56.69 125.40 18.98
639 58.53 59.90 60.70 114.89 18.65
640 58.78 84.36 58.69 113.48 19.58
641 58.65 21.02 58.04 153.19 19.47
642 58.77 77.66 57.74 97.85 18.07
643 58.78 71.54 63.74 112.26 18.71
644 58.77 24.69 55.34 134.88 18.14
645 59.18 7.59 25.71 73.17 12.69
646 59.11 13.22 36.12 97.53 14.84
647 59.46 17.97 47.53 113.17 16.23
648 59.27 34.83 64.71 133.71 18.90
649 59.41 55.20 59.31 124.44 20.00
650 59.63 27.37 50.14 120.37 17.71
651 59.49 67.09 55.00 104.41 17.31
652 59.56 39.46 57.85 117.04 17.86
653 59.29 51.75 71.90 155.09 21.36
654 59.54 91.76 36.05 75.57 13.79
655 59.58 48.06 60.80 137.08 20.71
656 59.83 43.96 57.33 130.44 18.72
657 59.87 62.24 56.07 116.05 17.26
658 59.95 74.35 63.59 123.01 19.06
659 60.47 81.66 53.37 97.25 16.28
660 60.32 57.94 58.06 118.91 17.65
661 60.31 10.86 28.34 87.93 14.15
662 60.49 30.40 53.09 126.73 17.49
663 60.37 85.18 55.99 101.62 16.77
664 60.36 22.66 51.41 120.02 17.00
665 60.53 78.06 58.65 105.81 17.06
666 60.99 88.19 48.90 95.10 15.74
667 60.71 15.42 37.60 107.81 14.95
668 60.92 70.98 55.62 101.55 16.71
669 60.66 34.85 52.55 124.54 17.00
670 60.69 51.98 69.12 158.71 22.45
671 61.00 66.53 52.52 110.80 17.13
672 61.16 7.07 22.73 69.16 10.30
673 61.08 46.72 63.37 157.27 20.00
674 61.29 92.24 35.97 75.66 12.49
675 61.32 19.12 47.03 125.32 15.57
676 61.20 40.62 53.19 123.84 16.88
677 61.55 26.65 48.62 126.44 16.74
678 61.47 61.72 52.84 121.58 17.04
679 61.73 54.02 58.47 127.36 17.92
680 61.93 35.82 56.90 130.22 17.37
681 62.04 75.47 59.94 117.19 16.53
682 61.87 50.03 66.81 153.58 19.01
683 61.99 10.02 31.95 87.50 12.23
684 62.13 57.87 52.84 124.74 17.84
685 62.03 22.81 54.39 145.46 17.79
686 62.25 13.66 37.31 113.04 14.58
687 62.32 31.48 46.27 121.12 16.96
688 62.23 43.25 60.42 159.51 18.91
689 62.35 83.44 61.82 115.77 17.85
690 62.52 79.36 58.25 110.42 16.26
691 62.53 65.93 52.99 124.69 17.22
692 62.60 71.52 55.24 106.71 14.88
693 62.45 54.73 57.55 135.75 17.64
694 63.01 90.00 40.88 91.74 13.48
695 62.88 17.37 46.95 124.65 14.85
696 63.19 86.43 47.03 99.40 15.21
697 63.03 93.47 26.00 69.10 11.07
698 62.81 46.93 56.70 146.11 16.50
699 63.07 38.30 52.18 125.37 16.42
700 62.94 5.38 16.83 51.21 7.82
701 63.14 28.04 48.75 133.14 16.01
702 63.27 62.26 55.93 116.22 16.49
703 63.31 50.97 60.68 140.48 17.62
704 63.51 20.96 47.72 131.78 15.70
705 63.59 9.71 27.09 74.56 10.55
706 63.94 24.58 45.17 134.30 15.40
707 63.87 69.68 50.09 107.95 15.33
708 63.87 33.82 52.48 124.00 16.65
709 63.72 41.82 52.78 123.56 15.61
710 63.77 54.81 62.81 146.88 17.79
711 64.00 58.93 54.85 123.76 16.71
712 64.00 75.44 55.81 102.50 15.32
713 64.09 13.80 35.36 106.20 13.37
714 64.06 81.55 61.49 126.41 16.87
715 64.26 46.90 52.73 134.84 16.40
716 64.76 65.83 50.01 101.38 14.55
717 64.41 5.09 13.86 49.61 6.74
718 64.63 17.43 40.94 123.05 13.83
719 64.63 28.65 58.01 145.78 16.22
720 64.91 51.11 59.49 148.00 17.30
721 65.20 84.99 51.47 105.74 15.32
722 64.85 88.89 47.43 112.80 14.57
723 65.18 93.49 18.41 50.61 8.61
724 64.89 41.65 64.25 172.76 17.14
725 65.21 78.72 53.47 108.49 14.79
726 65.25 35.38 59.06 132.48 16.23
727 65.11 9.93 25.67 87.86 10.77
728 65.26 21.70 45.51 135.57 14.93
729 65.48 60.56 49.90 113.95 15.66
730 65.46 71.08 51.57 124.03 15.36
731 65.37 55.91 57.79 134.73 15.44
732 65.70 31.32 51.58 143.04 16.42
733 65.81 38.40 58.71 142.71 15.74
734 65.60 44.85 61.33 175.68 18.15
735 66.01 25.54 49.10 128.37 14.16
736 65.80 5.34 14.03 50.95 7.14
737 66.12 74.64 51.12 112.22 14.31
738 65.95 13.71 35.78 106.94 12.87
739 66.38 47.86 54.03 124.44 15.39
740 66.21 17.70 40.91 131.54 13.64
741 66.64 82.55 51.06 101.23 13.84
742 66.54 63.45 48.97 106.65 15.07
743 66.41 89.89 37.41 101.36 12.41
744 66.47 52.99 52.22 132.28 15.50
745 66.65 7.95 23.64 75.33 9.46
746 66.80 42.03 53.33 136.47 15.73
747 66.91 68.00 51.83 111.26 13.35
748 66.85 78.46 53.83 114.51 13.70
749 66.98 57.96 48.91 126.43 15.14
750 67.04 28.53 50.35 135.52 14.09
751 66.91 21.13 44.93 130.76 13.46
752 67.26 93.15 15.89 53.74 7.81
753 67.14 33.60 55.56 137.93 15.37
754 67.35 86.47 53.66 124.23 14.66
755 67.30 11.07 32.61 109.59 11.81
756 67.59 71.91 51.97 127.69 13.87
757 67.47 37.71 58.13 152.37 14.94
758 67.96 51.60 53.92 127.81 14.56
759 67.99 14.08 33.09 105.35 12.31
760 67.85 23.82 48.51 134.95 13.38
761 67.95 47.80 59.23 164.14 16.57
762 67.99 17.92 39.31 122.60 12.17
763 68.15 75.79 51.40 117.47 13.94
764 68.27 56.01 50.89 128.55 14.04
765 68.44 43.00 55.33 129.61 15.33
766 68.24 64.92 44.84 111.18 13.75
767 68.21 5.69 15.43 52.07 6.14
768 68.52 89.44 28.39 85.79 10.50
769 68.55 60.88 46.82 118.80 13.69
770 68.45 80.47 57.25 117.27 14.55
771 68.38 28.66 48.41 133.16 14.62
772 68.78 9.40 23.71 83.40 9.28
773 68.78 33.60 50.08 130.23 13.92
774 68.87 38.56 52.65 132.69 13.33
775 68.95 84.29 46.41 112.23 13.72
776 69.07 69.34 46.05 106.62 13.07
777 68.78 20.59 35.86 97.37 13.90
778 69.18 92.61 12.93 50.46 7.04
779 69.29 23.88 45.63 134.83 12.56
780 69.33 46.19 57.01 149.56 15.00
781 69.47 16.11 35.72 114.66 11.86
782 69.91 74.00 49.64 111.20 13.10
783 69.85 54.80 43.79 122.14 13.30
784 69.72 28.62 47.87 130.34 13.48
785 69.93 50.97 51.89 127.50 13.73
786 69.80 77.91 53.12 123.75 14.07
787 69.86 6.25 16.13 56.30 6.61
788 70.06 59.50 46.64 127.61 12.94
789 70.09 10.77 23.59 78.28 9.21
790 70.27 86.86 32.71 92.47 11.75
791 70.25 64.63 42.12 106.58 11.94
792 69.99 20.48 35.84 103.54 11.51
793 70.41 35.49 46.56 137.71 13.72
794 70.59 39.32 48.75 136.41 13.93
795 70.72 42.79 52.80 135.83 14.19
796 70.63 31.49 44.57 134.86 13.29
797 70.74 47.36 52.80 143.42 13.64
798 70.98 90.54 17.58 62.39 7.96
799 70.72 70.51 52.96 149.27 14.28
800 70.90 13.44 29.72 100.06 11.16
801 70.76 23.49 43.89 126.62 11.98
802 70.96 17.65 32.40 112.48 11.70
803 71.46 27.66 48.13 123.11 12.20
804 71.56 59.04 40.39 121.29 11.86
805 71.64 76.67 53.83 124.09 13.02
806 71.70 4.93 10.07 40.90 4.83
807 71.69 8.55 17.62 66.69 7.12
808 71.75 67.34 46.72 121.54 12.82
809 71.82 84.24 38.84 108.06 13.32
810 71.94 54.90 47.46 115.56 11.67
811 71.85 50.55 49.88 132.10 13.11
812 72.15 20.57 38.14 117.32 11.24
813 72.11 35.88 44.98 137.20 12.84
814 72.19 45.78 48.60 145.59 13.48
815 72.36 31.49 44.41 127.09 12.15
816 72.25 24.22 45.88 135.98 12.51
817 72.42 63.12 45.08 121.64 12.75
818 72.35 72.23 49.60 117.24 13.12
819 72.58 80.33 47.88 121.88 13.08
820 72.46 13.78 26.19 97.51 10.85
821 72.74 38.97 50.05 133.00 13.40
822 72.77 87.57 31.49 91.98 10.11
823 72.83 17.45 32.02 113.03 10.63
824 72.99 42.52 49.14 148.63 13.65
825 73.02 10.58 19.57 78.82 8.75
826 73.24 26.88 45.27 130.65 11.61
827 73.30 58.89 48.52 136.05 12.19
828 73.57 6.79 12.74 55.60 6.09
829 73.52 67.00 45.56 125.24 12.37
830 73.55 51.02 49.69 136.38 12.14
831 73.65 76.17 55.87 121.39 12.77
832 73.98 47.40 44.36 134.34 12.12
833 73.72 34.02 43.77 153.28 12.40
834 73.85 83.74 38.31 110.48 11.49
835 74.00 55.25 51.98 142.95 12.86
836 73.90 70.92 53.62 147.75 13.52
837 73.88 22.56 37.80 123.73 11.94
838 74.30 29.96 42.42 132.51 11.57
839 74.22 15.86 31.52 114.69 10.51
840 74.32 63.60 54.71 146.62 12.48
841 74.35 80.15 47.61 145.34 12.77
842 74.47 39.32 44.85 140.99 13.15
843 74.70 19.46 35.14 128.50 11.93
844 74.75 12.45 24.29 80.11 8.88
845 74.62 43.72 49.32 154.33 13.47
846 74.73 89.66 13.11 48.96 5.82
847 74.99 86.06 30.13 95.78 9.48
848 74.85 9.07 18.33 67.51 6.87
849 74.93 25.71 41.77 130.39 11.32
850 75.22 60.26 49.00 120.67 12.11
851 75.19 73.77 45.29 119.86 12.65
852 75.20 34.80 42.23 135.76 12.13
853 75.25 52.84 47.62 142.76 12.17
854 75.57 68.96 45.25 117.55 11.98
855 75.82 5.92 10.96 42.74 4.15
856 75.85 79.01 45.50 124.91 11.96
857 76.32 49.85 44.83 125.78 12.33
858 76.03 56.96 52.79 142.58 12.33
859 75.88 22.29 35.34 126.46 10.86
860 75.85 15.86 25.78 95.97 9.82
861 76.00 46.18 48.36 154.90 13.18
862 75.89 28.78 37.01 130.14 10.86
863 76.11 41.76 47.34 151.61 12.94
864 76.12 64.99 51.42 133.07 12.14
865 76.23 37.83 41.68 140.80 12.36
866 76.64 82.84 34.64 100.37 10.47
867 76.62 31.58 37.59 134.27 10.74
868 76.50 9.80 18.76 78.48 7.98
869 76.64 87.20 19.37 69.11 6.91
870 76.64 18.78 28.07 102.75 10.01
871 76.70 75.38 49.92 151.78 13.13
872 77.09 12.57 18.26 70.17 7.98
873 76.92 24.63 33.18 119.29 10.45
874 77.24 71.37 48.34 128.77 12.17
875 77.29 54.11 47.51 127.32 11.31
876 77.51 62.86 52.06 133.52 11.75
877 77.54 34.22 39.87 146.27 11.71
878 77.63 59.08 48.43 130.81 11.46
879 77.56 45.40 42.93 134.19 12.62
880 77.81 78.43 42.34 134.71 11.76
881 77.82 28.35 34.72 133.80 10.59
882 77.90 67.24 45.90 125.59 11.48
883 77.80 15.53 22.30 88.24 8.88
884 77.94 41.27 45.48 149.81 12.91
885 77.96 7.80 11.57 50.02 5.04
886 78.02 20.38 29.40 102.06 9.80
887 78.00 37.72 40.97 143.55 11.58
888 78.62 49.32 43.66 124.27 11.36
889 78.35 85.74 20.20 74.60 7.65
890 78.60 74.32 47.01 129.03 12.00
891 78.41 24.74 38.50 155.70 11.86
892 78.84 81.25 35.60 107.39 10.25
893 78.90 53.06 48.45 158.45 11.66
894 78.98 31.59 34.51 119.12 10.23
895 79.22 57.12 50.90 123.60 11.01
896 79.12 12.42 17.66 67.25 7.81
897 79.25 69.67 48.43 129.88 11.79
898 79.26 16.38 20.91 84.23 8.85
899 79.30 45.42 41.89 135.09 11.07
900 79.37 63.14 48.20 128.46 11.61
901 79.56 8.61 10.75 49.97 5.29
902 79.43 36.45 33.11 115.34 10.31
903 79.53 22.54 29.38 106.68 9.35
904 79.58 27.06 33.12 125.22 9.76
905 79.78 41.30 37.06 128.64 11.22
906 79.87 19.23 29.25 122.14 10.17
907 80.05 77.06 40.84 118.47 11.20
908 80.16 83.19 22.86 83.04 7.45
909 80.41 59.85 46.66 135.88 10.87
910 80.40 72.22 50.11 136.29 12.05
911 80.63 66.28 50.21 125.88 11.80
912 80.76 32.66 33.12 117.87 9.73
913 80.65 49.22 44.17 158.92 11.40
914 80.74 53.20 43.10 134.81 10.50
915 80.70 29.05 33.18 129.14 9.68
916 80.75 13.33 15.84 64.94 6.98
917 80.87 36.18 32.38 129.62 10.25
918 81.06 44.76 40.06 142.86 10.34
919 81.19 9.21 10.23 44.19 4.54
920 81.02 21.84 25.96 109.35 9.79
921 81.31 79.74 32.89 106.22 8.77
922 81.21 17.52 20.38 81.21 8.59
923 81.27 25.39 30.24 116.26 10.04
924 81.30 39.75 34.59 152.83 10.83
925 81.50 56.67 40.23 135.87 10.43
926 81.71 74.57 41.20 128.30 11.06
927 81.95 69.32 44.42 124.06 11.13
928 81.76 61.40 49.18 137.06 10.77
929 82.33 82.82 16.00 63.23 6.18
930 82.12 48.49 37.61 142.36 9.92
931 82.12 29.89 33.61 146.16 10.42
932 82.28 11.97 12.66 56.35 6.10
933 82.48 64.71 44.09 136.18 11.63
934 82.31 35.66 31.60 130.98 9.92
935 82.47 41.90 35.49 159.63 10.51
936 82.54 15.79 17.06 82.32 7.77
937 82.52 21.36 26.25 104.00 9.74
938 82.94 52.82 35.13 120.08 9.77
939 82.82 25.64 28.90 105.18 9.47
940 82.99 77.98 33.47 104.63 8.58
941 83.13 32.44 27.99 134.98 10.41
942 83.22 45.09 34.69 141.53 10.04
943 83.22 38.12 31.49 124.95 9.97
944 83.20 73.00 39.03 123.19 10.34
945 83.08 56.57 46.63 175.82 11.55
946 83.33 60.38 46.66 148.71 10.56
947 83.72 9.44 7.84 39.84 3.50
948 83.71 18.56 20.86 83.33 8.01
949 83.56 48.95 36.38 142.06 9.86
950 83.67 28.70 28.64 124.87 9.89
951 83.79 69.19 45.44 154.44 11.70
952 83.86 12.89 11.46 57.85 5.75
953 84.04 65.57 42.60 136.21 11.31
954 84.45 43.04 40.04 162.38 10.19
955 84.33 22.27 22.40 87.28 8.90
956 84.52 34.73 31.75 125.96 9.97
957 84.61 39.58 33.30 132.25 10.07
958 84.53 76.86 25.05 94.91 8.42
959 84.54 25.72 25.64 108.46 8.80
960 84.52 56.73 39.84 146.58 10.35
961 84.81 14.83 13.27 56.21 6.12
962 84.82 61.41 42.38 138.30 10.81
963 84.99 72.66 35.33 120.86 9.66
964 84.93 30.37 25.38 108.59 9.22
965 85.10 53.45 39.93 145.58 9.98
966 84.97 49.93 35.98 149.20 9.59
967 85.44 46.87 39.45 163.31 10.57
968 85.31 17.54 15.78 77.09 7.36
969 85.42 10.83 8.07 35.92 3.56
970 85.48 68.58 40.98 149.66 11.30
971 85.84 20.63 18.82 83.99 8.04
972 85.86 64.52 43.03 140.36 10.74
973 85.79 36.82 30.00 134.41 9.50
974 85.92 23.85 21.85 95.70 9.39
975 86.09 44.09 40.37 153.37 9.72
976 86.04 58.02 45.62 170.98 11.96
977 86.15 32.05 29.10 120.90 9.72
978 86.27 27.32 23.93 94.69 8.56
979 86.33 75.91 20.99 81.17 6.60
980 86.43 40.06 32.76 138.74 9.47
981 86.70 61.19 41.93 164.58 11.61
982 86.62 14.85 10.37 44.96 4.64
983 86.65 54.39 42.23 169.76 11.26
984 86.78 71.66 32.72 121.46 9.16
985 86.80 49.61 35.00 132.25 9.85
986 86.85 18.08 14.29 74.70 7.00
987 86.85 10.85 6.70 34.65 3.14
988 87.03 67.14 40.01 142.65 9.79
989 87.04 34.83 32.26 123.68 9.18
990 87.33 43.04 35.60 159.32 9.68
991 87.42 22.52 17.57 80.69 7.50
992 87.67 29.28 24.68 107.78 9.02
993 88.01 19.68 12.60 58.85 6.51
994 87.84 57.90 39.52 139.72 10.94
995 87.85 25.76 18.98 90.44 8.63
996 87.91 38.15 31.43 134.52 9.69
997 88.06 46.54 36.71 146.88 10.23
998 88.05 63.92 36.64 126.64 9.89
999 87.90 13.47 7.49 38.46 3.78
1000 87.97 53.01 38.95 149.77 10.31
1001 88.23 32.83 25.88 120.34 8.49
1002 88.37 72.67 21.27 90.46 6.85
1003 88.42 68.52 30.05 119.10 8.95
1004 88.74 50.32 35.55 145.62 9.90
1005 88.79 15.97 7.25 37.12 4.50
1006 88.62 42.44 35.22 165.02 11.04
1007 88.99 60.97 43.06 134.70 10.63
1008 88.90 23.22 15.49 76.74 7.72
1009 89.18 55.30 38.77 138.46 10.33
1010 89.25 38.18 31.24 139.40 9.59
1011 89.51 26.52 17.49 85.73 7.89
1012 89.49 30.13 22.73 98.86 8.10
1013 89.59 34.06 24.52 115.94 8.93
1014 89.67 19.57 10.92 49.80 5.24
1015 89.82 47.73 35.48 143.04 10.09
1016 89.93 65.89 27.74 102.01 8.12
1017 89.89 70.13 19.87 79.14 6.30
1018 89.88 43.13 36.47 155.80 10.53
1019 90.16 13.88 6.51 32.02 2.62
1020 90.30 16.93 7.84 38.34 3.57
1021 90.44 57.24 35.88 136.17 10.03
1022 90.33 22.13 11.80 59.23 5.53
1023 90.53 52.50 34.54 131.39 9.63
1024 90.39 61.42 33.06 136.56 9.22
1025 90.65 37.70 28.30 133.51 9.55
1026 90.98 25.13 14.86 72.93 7.00
1027 91.17 41.61 33.40 140.70 10.21
1028 91.09 29.23 17.86 76.97 7.44
1029 91.07 33.90 24.51 114.60 8.88
1030 91.40 46.23 38.34 150.62 10.07
1031 91.42 63.61 26.00 118.14 8.13
1032 91.54 18.82 8.06 37.84 3.54
1033 91.85 50.26 33.75 133.82 9.71
1034 91.81 67.03 18.49 81.04 6.11
1035 91.78 58.67 26.40 122.45 8.65
1036 91.95 22.17 9.81 51.03 4.75
1037 92.14 54.46 31.80 143.88 10.20
1038 92.33 32.31 18.81 85.11 7.99
1039 92.24 37.66 23.70 100.63 8.88
1040 92.50 26.09 14.72 69.11 6.57
1041 92.69 43.28 28.58 122.35 9.80
1042 92.69 61.63 23.63 114.46 8.22
1043 93.18 28.87 13.62 63.02 6.25
1044 93.10 47.35 28.55 118.20 9.12
1045 93.19 57.54 23.43 108.90 7.87
1046 93.31 64.60 13.21 70.19 5.56
1047 93.49 19.81 6.39 30.69 2.70
1048 93.42 22.97 8.35 41.21 3.88
1049 93.66 35.99 16.40 86.55 7.45
1050 93.70 40.63 21.05 90.84 8.58
1051 93.68 53.20 24.26 106.54 8.16
1052 93.98 32.41 13.33 72.65 6.92
1053 94.45 50.28 21.03 93.94 7.57
1054 94.23 61.09 15.39 69.54 5.80
1055 94.62 25.60 8.03 41.14 3.95
1056 94.47 45.56 19.05 75.50 7.38
1057 94.61 57.00 18.98 93.32 6.50
1058 94.86 29.24 9.55 48.64 4.86
1059 95.30 23.04 4.87 29.87 2.37
1060 95.14 37.01 11.12 56.13 6.09
1061 95.00 40.56 11.59 52.89 5.96
1062 95.31 33.29 9.87 39.47 4.85
1063 95.80 54.45 13.26 67.05 5.60
1064 95.74 59.35 10.34 53.84 4.01
1065 95.83 45.07 12.49 50.82 6.34
1066 95.95 49.75 11.90 66.10 5.77
1067 96.48 27.45 6.26 33.18 2.55
1068 96.46 40.65 11.74 48.43 5.58
1069 96.42 30.86 6.27 34.85 2.89
1070 96.36 37.61 9.43 33.02 5.72
1071 96.72 34.58 9.27 42.31 5.31
1072 97.11 55.88 7.64 41.70 3.59
1073 97.45 44.35 8.47 33.00 4.53
1074 97.23 47.96 5.72 28.41 2.43
1075 98.21 35.30 3.87 15.65 1.38

