#<Embryo name> <Cleavage cycle> <Temporal class> <Genes>
ab6 13  - even-skipped caudal bicoid

#Quantitative data
#<Nucleus number> <A-P coordinate> <D-V coordinate> <Fluorescence intensity: channel 1 - eve, channel 2 - cad, channel 3 - bcd>
0 2.07 41.98 12.37 14.09 163.11
1 2.56 54.11 11.81 14.87 159.56
2 2.72 50.25 17.12 17.35 170.54
3 3.69 41.62 22.22 22.61 193.27
4 3.81 46.64 22.12 22.53 188.76
5 3.85 56.98 13.97 16.79 160.66
6 3.92 35.96 16.62 17.05 172.18
7 4.67 52.57 23.66 21.73 174.14
8 5.07 31.89 15.57 14.24 142.70
9 5.38 40.31 30.79 26.53 192.72
10 5.57 44.55 31.36 27.81 189.72
11 5.82 48.95 28.46 26.00 169.91
12 5.62 36.44 28.05 24.13 202.01
13 5.50 57.06 21.15 22.49 170.98
14 6.32 61.48 15.95 18.96 141.29
15 6.93 28.73 17.65 15.33 136.56
16 6.70 53.10 28.52 28.27 176.15
17 6.76 32.94 28.30 22.06 177.81
18 7.47 42.14 31.50 26.89 160.74
19 7.32 57.05 25.94 26.56 161.95
20 7.48 37.22 32.33 25.27 165.96
21 7.72 46.17 30.94 27.97 155.27
22 8.21 50.50 30.34 28.99 151.92
23 8.36 66.61 15.69 20.06 134.82
24 8.17 63.30 24.85 25.51 157.88
25 8.87 60.53 28.59 29.74 156.19
26 8.50 32.39 31.40 24.18 161.91
27 8.32 54.00 23.93 21.65 82.53
28 9.05 39.47 39.77 28.10 162.70
29 9.43 28.92 30.69 22.97 152.31
30 9.12 56.97 30.75 32.32 166.88
31 9.84 35.11 34.81 26.40 151.48
32 10.00 43.36 35.79 30.98 148.50
33 9.92 53.70 32.12 31.99 154.27
34 9.92 47.29 34.59 30.35 148.43
35 9.91 24.85 24.00 18.98 144.72
36 10.59 69.26 20.24 23.17 123.60
37 10.20 65.56 25.19 28.27 150.16
38 10.78 50.43 37.72 34.75 161.90
39 10.89 58.22 31.62 32.36 140.82
40 11.04 62.48 28.86 32.21 141.96
41 11.02 31.63 36.81 26.74 146.02
42 10.82 38.62 41.96 32.94 167.97
43 11.49 27.20 36.74 26.26 148.14
44 11.24 73.26 14.86 18.93 106.07
45 12.05 41.24 40.62 33.45 143.14
46 12.10 47.35 34.61 32.06 129.68
47 12.03 52.84 35.01 36.03 136.64
48 12.13 66.35 29.34 33.01 140.00
49 12.30 36.15 40.87 31.71 145.10
50 11.88 73.15 16.22 21.02 112.47
51 12.69 56.45 35.66 35.05 133.65
52 12.70 21.32 29.03 22.21 134.86
53 12.86 60.36 33.07 33.70 129.82
54 12.91 69.91 28.26 29.22 122.80
55 12.70 31.64 43.35 32.57 152.29
56 13.20 44.27 40.43 33.24 134.44
57 12.98 26.09 37.80 27.60 144.02
58 13.02 74.02 19.69 24.27 115.50
59 13.50 63.91 35.14 36.10 132.40
60 13.74 51.92 36.12 34.99 124.51
61 14.01 40.58 41.72 32.31 126.36
62 14.05 35.89 45.30 34.30 139.11
63 14.01 47.35 39.83 32.87 129.82
64 14.11 31.33 42.21 31.08 137.59
65 14.38 24.18 41.61 27.62 135.85
66 14.38 20.27 32.91 23.47 131.72
67 14.53 66.93 37.32 37.66 128.00
68 14.51 56.80 37.87 37.82 124.86
69 14.50 72.64 30.73 32.28 131.71
70 14.69 76.43 17.86 21.26 87.62
71 15.07 28.23 46.83 31.18 123.11
72 15.12 60.48 37.69 36.90 115.82
73 14.94 48.49 35.74 32.48 105.45
74 15.39 69.45 37.57 36.28 119.80
75 15.43 63.82 39.80 40.02 128.01
76 15.97 44.86 43.46 34.09 105.87
77 15.44 52.61 41.07 37.25 115.23
78 15.70 37.64 46.23 36.93 122.63
79 15.71 32.95 46.26 33.49 123.12
80 16.16 41.33 50.05 38.19 125.35
81 16.10 21.35 41.49 28.50 121.10
82 16.15 24.87 46.59 33.21 130.92
83 16.26 72.52 36.29 35.03 113.82
84 16.51 56.70 42.37 37.81 104.28
85 16.27 48.10 43.28 39.97 113.38
86 16.64 18.00 34.59 25.45 121.77
87 16.55 76.24 26.49 28.31 97.05
88 16.83 65.62 43.16 42.27 120.43
89 17.23 27.27 53.20 33.76 124.45
90 17.25 30.82 58.97 35.97 118.03
91 17.22 52.11 48.57 43.33 113.02
92 17.23 61.41 42.37 40.22 108.48
93 17.09 48.72 52.08 46.75 128.60
94 17.34 34.71 55.25 39.84 120.91
95 17.55 68.92 47.10 41.89 117.70
96 17.49 80.00 20.16 21.51 75.40
97 18.22 38.16 46.40 36.77 103.72
98 17.98 22.30 50.67 32.02 114.27
99 18.08 72.32 42.32 37.47 100.62
100 18.10 41.80 54.61 38.84 110.73
101 18.28 57.63 46.31 40.34 101.52
102 18.22 76.59 37.42 31.97 94.33
103 18.50 47.64 46.45 41.02 108.64
104 18.56 18.81 40.01 25.35 98.21
105 18.80 52.63 47.15 43.27 105.32
106 18.91 25.60 57.46 36.36 112.55
107 19.02 33.24 55.36 37.85 110.09
108 19.13 29.36 54.59 36.34 107.14
109 19.19 44.37 61.04 49.44 131.18
110 19.25 14.58 31.77 19.86 86.19
111 18.83 16.05 32.52 23.27 96.59
112 19.57 59.98 46.85 42.51 95.77
113 19.53 69.01 46.01 43.20 99.36
114 19.38 80.36 36.96 31.07 88.36
115 19.56 74.56 49.36 39.31 96.27
116 20.13 54.79 54.16 45.92 101.59
117 20.11 36.08 58.50 42.97 107.30
118 20.19 23.31 54.21 35.01 98.08
119 20.39 50.21 55.77 46.71 101.94
120 20.39 77.83 48.77 38.55 90.96
121 20.47 42.42 66.30 45.87 113.38
122 20.29 17.62 48.14 28.49 96.64
123 20.48 46.41 67.28 53.40 103.83
124 21.02 39.23 57.30 45.60 102.51
125 20.63 64.06 55.28 44.76 97.89
126 20.76 71.91 52.27 47.99 103.04
127 20.96 20.47 62.75 35.11 100.93
128 20.94 31.65 57.81 38.06 93.15
129 20.92 27.32 65.55 40.69 106.01
130 21.14 67.63 56.82 48.25 99.46
131 21.12 82.09 32.43 30.03 73.76
132 21.50 61.01 55.14 48.64 96.42
133 21.59 56.82 58.91 50.40 109.06
134 21.68 75.18 55.00 42.65 88.13
135 21.68 15.35 50.46 28.35 90.74
136 21.69 48.78 71.13 58.31 105.96
137 21.85 35.28 67.92 45.23 103.76
138 22.24 53.02 56.91 45.90 91.21
139 22.07 43.59 64.19 45.96 94.37
140 22.22 78.88 57.22 43.59 90.55
141 22.47 22.25 69.23 37.48 98.98
142 22.62 26.05 72.37 39.12 94.99
143 22.58 70.01 66.46 48.53 91.10
144 22.77 29.86 68.89 43.07 101.02
145 22.61 65.52 67.17 50.90 98.63
146 22.87 17.99 61.91 31.84 86.16
147 23.02 47.44 69.71 55.44 111.71
148 22.59 83.97 34.04 31.93 71.15
149 23.00 59.40 69.02 53.06 99.10
150 23.24 37.31 74.54 45.57 99.30
151 22.73 40.53 40.81 32.03 60.19
152 23.14 12.88 42.07 25.43 77.77
153 23.15 73.81 77.57 51.98 95.59
154 23.44 33.22 72.07 44.86 93.57
155 23.84 50.78 69.67 57.26 100.85
156 23.84 62.57 72.70 55.48 93.27
157 23.70 81.15 57.38 46.32 85.06
158 23.41 42.93 70.72 47.98 90.38
159 23.71 56.74 66.08 51.93 87.97
160 23.96 77.19 70.90 52.21 89.95
161 24.08 24.36 80.32 43.19 99.12
162 24.08 85.59 39.44 32.12 63.92
163 24.00 44.30 75.95 53.31 93.84
164 24.36 20.38 75.22 38.38 86.46
165 24.27 70.67 71.79 53.84 85.62
166 24.49 39.49 76.23 49.76 90.71
167 24.35 66.81 80.93 58.31 94.83
168 24.08 15.12 53.53 30.83 76.88
169 24.56 28.54 72.16 40.97 80.19
170 24.78 53.46 81.08 61.06 96.44
171 24.97 47.14 82.00 60.83 103.15
172 24.59 56.45 71.03 54.95 92.52
173 24.88 13.88 59.30 29.74 75.38
174 25.21 75.00 74.40 48.61 74.54
175 25.18 17.20 85.23 41.40 90.28
176 25.04 34.51 77.71 42.36 76.29
177 25.32 79.83 72.48 52.92 85.97
178 25.42 43.08 89.98 56.18 99.71
179 25.53 58.89 74.87 53.86 81.72
180 25.50 83.66 61.63 42.54 72.94
181 25.57 63.15 73.33 54.34 81.02
182 25.55 87.10 42.29 29.60 58.68
183 25.62 23.44 85.89 42.55 85.98
184 25.75 72.00 76.94 53.85 78.05
185 26.03 67.34 80.50 54.89 78.26
186 26.14 29.92 90.92 44.25 78.89
187 26.09 50.59 87.92 66.67 100.68
188 26.41 54.81 89.84 65.82 98.51
189 26.53 26.37 98.96 47.73 88.88
190 26.43 39.83 87.75 57.55 94.47
191 26.52 19.72 83.80 39.02 77.63
192 26.53 15.16 73.80 33.86 70.37
193 26.09 88.51 36.42 25.67 46.50
194 26.76 33.20 102.50 51.03 87.63
195 26.75 78.32 77.53 52.26 73.15
196 26.78 36.45 99.41 52.28 87.17
197 26.74 47.17 96.81 67.32 101.50
198 26.88 11.37 67.07 29.69 64.25
199 27.18 61.01 93.95 63.50 89.65
200 27.14 70.72 94.47 64.02 85.98
201 27.06 82.64 72.82 51.00 70.54
202 27.24 43.74 97.39 63.26 91.84
203 27.29 74.69 87.18 60.00 81.31
204 27.42 86.42 63.72 39.94 59.35
205 27.60 57.12 85.05 60.09 74.93
206 27.38 23.49 101.37 46.54 85.77
207 27.68 64.52 84.85 56.85 72.66
208 27.66 51.55 102.26 71.63 94.46
209 27.74 21.52 100.97 43.05 79.68
210 27.74 68.09 96.17 62.89 80.65
211 28.14 31.27 112.03 49.62 81.09
212 28.07 14.75 95.26 40.87 76.85
213 28.30 27.19 119.62 51.32 84.52
214 28.00 11.24 64.84 24.30 48.31
215 28.27 39.81 110.86 60.82 90.09
216 28.42 81.60 87.55 53.09 64.99
217 28.22 18.62 91.63 39.59 71.51
218 28.50 78.05 92.65 64.47 79.64
219 28.54 35.99 116.35 59.62 90.02
220 28.44 47.02 106.18 65.51 88.55
221 28.56 67.08 80.05 57.12 74.06
222 29.21 53.16 110.22 72.49 88.36
223 28.90 42.94 113.66 70.32 97.15
224 28.99 70.61 91.29 66.93 75.97
225 28.56 24.06 117.92 44.79 80.75
226 28.76 60.85 94.10 61.35 80.35
227 29.11 74.52 83.50 60.18 70.89
228 29.29 49.87 110.12 71.87 87.72
229 29.25 85.08 81.95 50.78 62.85
230 29.12 88.61 63.72 39.23 51.71
231 29.29 56.98 105.78 68.32 82.48
232 28.94 22.22 111.46 51.86 80.61
233 29.16 17.38 96.04 40.60 63.07
234 30.04 63.03 94.59 63.92 71.27
235 29.69 20.00 103.18 45.23 73.41
236 29.71 10.86 79.18 35.47 63.12
237 29.69 14.65 101.45 40.45 67.60
238 29.85 30.05 112.05 51.65 75.31
239 29.40 24.01 117.03 47.81 73.87
240 30.00 33.85 110.18 53.60 73.60
241 29.74 64.59 98.02 67.88 68.70
242 30.00 45.90 120.37 74.95 89.36
243 29.95 67.48 86.82 59.11 65.60
244 29.73 79.70 95.86 57.45 69.79
245 30.14 26.25 124.63 53.82 77.65
246 30.10 38.06 116.88 62.20 82.74
247 29.80 60.34 90.95 65.57 65.25
248 30.63 90.52 61.28 37.87 43.05
249 30.19 41.42 123.41 68.72 95.64
250 30.83 83.10 94.85 56.94 59.86
251 30.55 71.86 103.98 70.80 74.39
252 30.66 76.36 91.30 68.80 74.02
253 30.72 42.98 127.76 68.67 79.79
254 30.95 54.76 110.49 72.37 76.60
255 30.84 22.30 115.59 50.89 74.45
256 30.47 80.19 98.63 63.97 65.53
257 30.99 86.99 80.86 48.61 52.38
258 30.71 16.95 98.13 36.20 65.46
259 31.03 57.94 115.35 82.41 80.21
260 31.19 8.91 78.08 32.92 53.14
261 31.24 48.71 111.14 72.22 79.81
262 31.42 51.49 123.31 77.09 81.53
263 31.37 12.90 97.98 40.97 63.03
264 31.59 40.03 117.83 66.37 75.71
265 31.34 61.32 98.36 68.09 66.31
266 31.73 65.40 103.87 71.99 69.42
267 31.62 28.30 111.27 50.85 66.06
268 31.64 31.88 121.45 56.31 72.66
269 31.40 18.22 104.14 42.36 60.66
270 31.63 45.12 116.71 74.66 77.38
271 31.82 36.13 118.52 61.31 74.18
272 31.94 69.81 100.70 70.63 67.34
273 32.05 79.17 84.31 60.24 58.10
274 31.97 24.30 122.61 56.57 72.30
275 31.67 73.68 96.23 61.17 64.38
276 32.27 75.25 105.74 73.53 65.62
277 32.12 60.16 111.96 81.12 79.29
278 32.60 15.61 107.84 47.11 61.88
279 32.52 90.50 66.39 43.73 45.07
280 32.55 19.96 116.22 52.11 66.66
281 32.40 82.88 94.77 61.21 57.38
282 32.65 86.95 92.98 61.15 58.74
283 32.75 52.72 125.86 84.83 80.13
284 33.09 41.54 113.40 68.96 67.34
285 32.98 57.29 113.70 82.42 77.07
286 33.02 8.56 81.11 34.90 50.56
287 32.86 45.54 123.18 82.61 83.04
288 33.14 26.68 133.32 62.72 72.98
289 33.26 12.41 108.32 44.60 59.66
290 33.28 62.49 99.61 71.43 64.26
291 33.17 33.82 128.80 66.15 73.97
292 33.33 72.02 96.37 76.74 66.63
293 33.55 48.65 141.26 85.91 83.04
294 32.95 23.50 103.77 41.13 51.46
295 33.43 66.92 96.67 71.81 63.57
296 33.30 29.83 121.36 55.65 63.50
297 33.44 38.09 121.07 67.52 73.46
298 33.66 76.54 97.65 70.84 60.48
299 34.11 20.69 120.54 52.60 63.47
300 34.03 82.66 90.48 68.18 54.89
301 34.39 79.83 94.79 68.81 57.40
302 34.16 55.03 115.27 86.25 73.26
303 34.20 86.06 92.35 64.50 54.44
304 34.39 24.28 130.94 56.31 63.48
305 34.21 16.68 109.46 49.72 60.77
306 34.26 44.53 131.16 79.87 76.97
307 34.54 51.13 128.03 89.71 73.82
308 34.52 59.61 105.77 82.28 68.81
309 34.41 89.73 79.11 51.87 48.47
310 34.19 30.35 109.44 53.86 56.45
311 34.44 35.53 132.35 74.94 73.62
312 34.28 39.41 103.32 62.16 54.95
313 34.49 9.94 107.18 40.89 52.91
314 34.86 70.08 97.72 73.37 58.98
315 34.89 73.87 99.76 75.68 58.11
316 35.10 13.08 110.28 45.77 50.67
317 35.25 63.60 104.42 86.69 65.90
318 35.21 66.89 108.27 87.35 67.95
319 35.29 32.73 125.31 65.94 67.17
320 35.43 27.49 114.66 59.48 59.95
321 35.87 40.43 110.21 66.86 58.59
322 35.48 92.37 63.50 47.87 36.89
323 35.52 47.53 131.06 90.34 75.77
324 35.26 9.17 94.64 41.49 44.03
325 35.77 36.89 110.16 65.07 57.82
326 35.66 53.03 134.64 103.31 81.11
327 35.75 43.82 129.04 82.24 71.91
328 36.07 56.40 105.70 80.16 60.79
329 35.86 76.89 101.19 76.18 56.48
330 35.87 17.64 132.14 55.84 60.42
331 35.86 21.16 124.31 56.34 59.86
332 35.83 82.34 99.20 68.76 53.09
333 35.99 86.57 95.31 68.90 53.46
334 35.93 84.38 96.83 75.04 52.30
335 36.29 30.52 135.27 69.85 67.28
336 36.11 60.32 109.02 91.07 65.49
337 36.43 7.51 94.43 38.45 45.30
338 35.85 24.12 124.62 64.60 58.38
339 36.43 89.53 78.37 59.58 43.63
340 36.38 72.12 97.22 74.75 55.15
341 36.27 14.28 115.79 49.78 51.52
342 36.69 79.78 103.73 79.89 57.64
343 36.76 50.16 124.51 95.87 71.04
344 36.86 94.47 39.95 38.14 28.71
345 36.92 11.10 107.14 48.71 50.28
346 36.96 68.40 95.33 79.62 55.40
347 36.64 24.59 109.63 49.49 51.07
348 37.29 64.17 88.32 71.66 50.10
349 37.83 32.65 111.56 64.68 55.68
350 37.24 46.71 137.16 100.06 74.39
351 37.46 53.03 120.63 97.54 71.30
352 37.22 14.61 105.06 42.58 45.85
353 37.24 36.21 124.79 73.14 63.91
354 37.19 42.70 121.35 81.32 59.12
355 37.57 73.98 100.03 83.14 54.71
356 37.41 28.60 113.07 62.51 56.84
357 37.37 17.51 107.55 49.07 46.94
358 37.27 20.59 122.10 62.07 57.47
359 37.72 82.76 93.41 76.20 49.26
360 37.57 59.31 111.42 88.88 61.43
361 37.76 22.20 115.90 53.66 51.66
362 37.66 40.72 117.33 72.72 60.81
363 37.91 77.22 104.91 82.09 55.13
364 37.66 86.45 86.35 72.66 48.73
365 37.90 91.61 56.24 58.16 40.00
366 38.09 25.37 110.47 57.60 52.31
367 37.70 38.01 113.54 62.53 48.32
368 38.39 8.03 99.60 44.51 41.75
369 38.28 4.93 76.67 35.85 37.33
370 38.20 18.16 115.25 47.76 47.55
371 38.62 11.46 111.52 49.26 44.84
372 38.57 54.88 125.74 104.96 70.24
373 38.98 71.23 101.09 88.91 53.97
374 38.57 44.08 132.04 88.43 62.48
375 38.55 48.61 127.44 98.38 66.95
376 38.52 67.87 106.62 89.13 56.35
377 38.15 28.68 122.95 62.34 51.79
378 38.74 88.84 84.37 75.38 46.50
379 38.91 79.84 93.82 79.97 50.59
380 38.96 15.00 118.76 58.22 51.22
381 38.99 61.24 114.96 96.90 60.65
382 39.01 39.27 115.79 72.89 54.47
383 38.81 95.31 35.00 38.48 24.40
384 39.08 35.10 113.35 70.84 53.78
385 39.25 57.84 125.16 102.72 61.97
386 39.17 84.82 91.82 83.03 51.65
387 39.12 20.71 115.85 58.72 51.03
388 39.23 28.81 120.58 67.90 54.06
389 39.47 64.72 109.63 90.00 53.79
390 39.39 74.78 102.62 92.20 54.76
391 39.21 51.26 116.96 92.71 60.22
392 39.80 23.97 124.09 61.52 51.33
393 39.91 46.95 129.76 95.81 61.51
394 39.88 52.46 122.09 97.90 59.47
395 40.20 91.24 63.74 65.71 40.22
396 40.15 5.42 76.03 34.31 31.22
397 40.31 31.38 103.47 67.03 48.65
398 40.24 43.83 128.80 94.31 61.65
399 40.25 18.55 119.95 65.15 54.49
400 40.27 82.38 97.99 87.47 51.98
401 40.35 94.24 43.16 48.71 29.05
402 40.50 11.73 110.37 50.28 40.93
403 40.34 8.60 103.83 48.49 39.90
404 40.50 55.59 118.85 103.43 57.25
405 40.36 88.03 85.52 80.38 45.68
406 40.52 76.83 97.99 85.02 48.74
407 40.67 49.50 136.87 109.65 64.11
408 40.82 68.43 95.51 84.80 47.24
409 40.57 40.38 122.31 85.81 57.25
410 40.78 15.25 119.84 62.91 50.41
411 40.77 36.01 115.59 77.04 51.60
412 40.88 26.68 131.03 73.73 52.47
413 40.92 59.87 100.11 88.79 48.71
414 40.83 72.50 98.07 96.31 53.72
415 41.19 64.23 98.05 92.45 50.89
416 41.38 79.15 100.78 96.54 50.22
417 41.51 85.67 89.24 85.30 46.05
418 41.51 20.92 105.38 61.56 45.40
419 41.31 4.48 60.80 27.99 26.32
420 41.60 52.98 131.55 110.86 60.91
421 41.82 24.10 117.48 67.64 49.94
422 41.89 32.76 119.11 78.13 50.79
423 42.04 9.35 90.09 50.01 38.43
424 42.11 29.24 113.22 67.93 45.67
425 41.98 43.02 120.81 89.48 52.42
426 42.20 46.44 114.16 96.29 53.24
427 42.12 82.10 87.76 90.73 47.17
428 42.05 39.40 132.11 92.64 55.56
429 42.07 89.60 76.67 77.22 40.51
430 42.20 17.12 106.56 64.72 45.99
431 42.28 93.14 52.94 60.51 32.51
432 42.32 13.29 112.15 60.21 45.23
433 42.35 49.58 129.86 113.68 59.06
434 42.62 55.96 107.01 103.21 52.41
435 42.30 72.23 91.50 91.01 45.47
436 42.69 75.71 79.12 83.22 42.52
437 42.88 62.76 92.80 91.53 44.25
438 42.70 36.12 109.04 78.39 48.82
439 42.80 66.34 95.15 90.92 48.16
440 42.97 6.07 87.11 50.26 35.33
441 42.78 59.31 104.96 108.95 52.48
442 43.41 69.49 95.20 95.88 45.00
443 43.35 26.17 122.28 73.60 48.36
444 43.08 78.57 92.89 91.02 47.31
445 43.33 22.62 122.61 69.92 46.86
446 43.25 84.94 77.34 78.18 41.59
447 43.40 18.39 112.16 71.51 47.37
448 43.40 52.79 112.79 106.00 50.95
449 43.58 44.12 124.20 101.03 52.56
450 43.64 88.99 75.96 79.52 37.26
451 43.75 33.10 107.25 70.63 42.54
452 43.33 8.22 94.82 47.32 34.58
453 43.78 40.21 117.68 84.97 47.75
454 43.76 12.37 110.48 65.31 44.99
455 43.75 29.33 108.90 66.75 41.57
456 44.06 49.89 132.54 118.64 57.30
457 44.15 9.18 93.33 53.40 34.86
458 44.17 72.68 79.49 88.60 40.58
459 44.24 81.13 77.81 85.36 41.16
460 44.22 92.51 60.44 75.97 34.76
461 44.56 47.00 130.32 114.51 56.60
462 44.38 57.20 102.94 109.70 49.13
463 44.84 16.19 105.87 66.02 42.24
464 44.73 37.06 108.37 76.11 42.78
465 44.65 20.48 111.90 72.59 44.62
466 44.70 61.91 94.16 102.65 45.98
467 44.73 66.75 93.74 95.75 44.67
468 44.79 76.45 80.87 90.99 41.36
469 44.64 86.23 88.61 91.95 42.76
470 44.58 28.06 114.92 73.57 43.09
471 45.21 24.36 116.21 72.91 42.54
472 45.20 30.84 117.44 77.99 42.14
473 45.10 53.17 111.22 113.16 48.47
474 45.49 7.83 96.46 53.39 34.33
475 45.21 43.96 122.46 107.79 51.20
476 45.34 95.66 38.42 48.41 22.54
477 45.27 82.48 84.92 97.63 43.35
478 45.46 12.61 104.03 61.55 38.46
479 45.58 4.51 70.21 50.23 29.62
480 45.60 91.10 66.39 81.79 35.21
481 45.94 41.58 109.98 90.91 43.72
482 45.32 33.69 101.60 73.19 38.77
483 45.86 88.05 81.42 92.64 38.64
484 45.84 49.58 117.99 117.91 51.44
485 45.87 58.64 106.10 112.94 46.94
486 45.78 72.22 84.74 100.48 43.32
487 46.12 27.52 119.73 77.92 41.77
488 45.95 19.51 99.67 63.99 39.34
489 46.44 76.72 70.85 84.28 36.34
490 46.09 67.27 86.17 100.63 41.81
491 46.40 38.59 107.44 85.03 41.74
492 46.44 62.64 92.34 106.46 42.92
493 46.11 34.69 103.44 78.87 40.41
494 46.65 55.56 103.74 113.78 46.06
495 46.50 84.39 81.05 102.84 41.91
496 46.70 80.38 77.34 102.40 41.13
497 46.68 46.72 113.55 109.44 48.31
498 46.87 93.52 57.11 65.72 27.06
499 46.75 52.38 116.20 124.46 49.63
500 46.80 15.22 102.00 75.28 41.16
501 46.91 31.83 105.18 83.69 43.21
502 47.12 11.57 96.41 67.30 37.57
503 47.04 23.71 103.46 74.61 42.65
504 46.64 20.04 99.85 62.04 36.68
505 47.33 69.29 90.89 116.48 44.01
506 47.24 90.17 64.49 84.13 33.90
507 47.20 7.43 83.64 54.94 31.34
508 47.59 43.83 117.38 112.11 48.18
509 47.56 72.58 87.05 110.99 41.65
510 47.80 3.40 63.13 44.77 25.59
511 47.64 58.98 90.47 103.66 41.86
512 47.69 65.24 91.10 111.59 43.08
513 47.84 97.07 25.49 39.69 16.76
514 47.61 18.26 106.15 73.30 39.13
515 47.85 36.29 106.95 88.72 42.04
516 47.68 86.84 73.55 94.44 37.55
517 47.63 28.17 100.51 79.47 39.76
518 47.78 49.91 109.90 119.87 44.11
519 48.07 40.33 110.68 98.57 43.72
520 48.32 78.41 79.70 107.66 39.10
521 48.23 82.48 72.43 98.02 38.33
522 47.93 21.30 99.18 73.62 36.28
523 48.32 54.15 100.42 115.58 43.22
524 48.55 75.13 83.61 110.48 39.56
525 48.51 9.89 89.69 64.14 35.18
526 48.44 32.12 95.25 83.53 38.86
527 48.63 46.70 109.61 113.97 45.20
528 48.88 62.22 83.94 102.33 38.43
529 48.76 94.12 48.00 68.68 25.17
530 48.70 14.62 95.26 71.66 37.82
531 48.83 26.50 101.28 78.33 38.74
532 48.71 22.61 87.73 65.94 35.61
533 48.76 90.67 67.71 92.21 32.96
534 49.00 67.69 86.52 113.93 41.05
535 49.09 6.15 80.73 56.59 28.97
536 49.07 19.04 107.06 79.75 38.63
537 49.34 84.78 74.55 106.69 39.69
538 49.34 58.03 92.74 114.88 40.11
539 49.52 71.37 86.49 116.71 40.57
540 49.51 43.23 105.86 111.77 42.16
541 49.46 50.14 100.95 120.65 44.53
542 49.60 34.48 96.73 91.57 40.21
543 50.00 97.41 22.82 40.16 14.53
544 49.59 2.28 53.54 39.04 20.56
545 49.70 87.81 76.14 106.26 35.49
546 49.73 39.55 101.83 94.19 39.49
547 49.82 80.33 71.54 107.23 36.32
548 49.92 30.20 90.35 80.23 36.78
549 49.92 53.88 99.68 117.97 40.80
550 49.85 24.54 102.50 94.53 40.74
551 50.10 13.24 86.40 67.69 34.01
552 50.16 9.42 86.88 65.02 32.02
553 50.25 63.75 87.00 116.50 38.68
554 50.41 17.79 88.10 71.79 33.93
555 50.23 46.51 102.22 124.44 44.10
556 50.36 74.28 76.96 111.68 36.84
557 50.62 77.56 66.74 102.21 36.12
558 50.56 93.84 47.69 80.52 26.18
559 50.69 21.65 92.47 80.90 35.26
560 50.55 90.65 63.68 97.50 32.92
561 50.70 36.85 88.07 89.87 36.54
562 50.74 4.81 71.71 54.84 25.58
563 50.68 68.00 81.44 109.26 37.64
564 50.93 27.16 84.56 75.65 33.65
565 51.02 82.37 68.58 102.86 35.65
566 51.06 59.32 88.63 118.54 38.33
567 50.64 24.46 97.53 77.24 36.50
568 51.27 51.37 98.98 132.84 43.38
569 51.46 1.85 50.07 44.62 19.88
570 51.38 44.09 86.28 106.28 38.20
571 51.50 48.14 94.86 125.43 43.50
572 51.51 55.97 89.84 118.21 39.58
573 51.29 86.54 70.07 96.68 34.02
574 51.45 32.55 84.59 83.76 34.91
575 51.73 40.70 91.31 97.86 37.77
576 51.73 72.15 72.27 111.23 36.41
577 51.71 11.95 83.94 70.80 32.46
578 51.70 15.39 88.52 76.99 35.10
579 51.65 7.81 84.40 68.00 30.71
580 51.75 63.28 82.23 112.28 36.83
581 52.49 97.63 17.88 36.80 11.94
582 51.78 93.83 37.15 69.29 24.80
583 52.07 19.09 93.59 78.84 33.71
584 52.24 75.90 76.03 119.43 36.19
585 52.15 36.70 89.89 93.43 35.21
586 52.19 90.23 56.63 92.10 29.37
587 52.52 22.88 78.98 74.08 32.83
588 52.21 68.22 78.12 118.97 35.20
589 52.25 27.65 86.38 82.24 32.46
590 52.57 53.44 92.91 127.19 40.38
591 52.83 79.27 73.96 108.95 34.49
592 52.53 94.36 38.29 80.14 24.42
593 52.63 82.86 76.54 117.79 35.51
594 53.01 3.32 50.55 45.50 19.25
595 53.06 85.63 68.46 108.07 33.25
596 53.16 59.82 78.54 109.97 32.06
597 53.14 31.21 81.38 86.65 33.49
598 53.13 46.84 96.09 129.20 40.93
599 53.22 50.42 88.51 125.89 36.89
600 53.10 43.08 91.18 116.16 40.40
601 52.91 8.15 76.58 73.46 28.54
602 53.20 64.32 78.93 124.90 35.91
603 53.34 17.50 85.67 78.82 32.09
604 53.44 11.34 77.45 74.68 31.19
605 53.66 34.84 77.83 94.03 32.32
606 53.42 38.77 78.05 97.74 34.55
607 54.04 14.79 83.63 75.32 30.58
608 53.77 55.77 85.95 121.11 36.89
609 53.73 72.13 69.17 119.64 34.93
610 53.76 87.89 63.38 107.66 32.01
611 53.42 25.16 89.07 83.95 32.44
612 53.79 68.31 75.01 123.75 35.29
613 53.89 91.33 51.79 96.90 27.40
614 53.92 94.81 34.57 76.01 20.68
615 53.79 26.91 79.68 77.15 30.28
616 54.10 75.63 73.89 123.20 35.12
617 54.19 5.78 65.75 69.84 26.35
618 54.30 20.30 84.92 83.71 30.79
619 54.29 82.08 68.33 113.09 33.18
620 54.60 44.73 93.49 125.72 38.24
621 54.86 23.64 83.51 90.40 31.53
622 54.85 97.27 19.28 44.50 11.93
623 54.74 40.70 90.98 114.50 37.07
624 54.70 1.77 34.95 43.21 16.17
625 54.84 28.32 86.01 87.46 31.97
626 54.76 48.46 95.00 134.53 39.79
627 54.89 52.48 92.93 138.79 38.89
628 54.91 79.15 66.71 115.10 32.27
629 54.76 63.83 77.51 117.14 32.46
630 55.09 32.68 76.60 88.98 32.79
631 54.99 59.43 80.40 130.53 33.55
632 54.92 11.31 78.93 76.18 28.48
633 55.22 84.70 64.50 106.87 30.43
634 55.26 37.03 83.64 102.17 34.63
635 55.56 17.47 82.69 81.36 29.50
636 55.31 88.94 59.14 107.10 29.74
637 55.49 4.34 65.11 64.41 21.86
638 55.72 8.22 64.06 68.29 24.96
639 55.36 69.03 69.58 126.95 32.33
640 55.54 92.84 42.07 78.61 21.68
641 55.76 56.33 80.54 124.52 35.26
642 55.92 72.55 70.64 122.58 32.69
643 55.97 76.14 60.02 114.38 31.73
644 56.17 13.26 80.48 81.84 29.24
645 56.06 42.12 86.96 116.69 35.04
646 55.87 98.39 10.54 31.02 6.68
647 56.28 21.47 80.81 90.10 30.28
648 56.16 49.99 86.71 141.50 36.67
649 56.24 65.64 70.67 129.97 32.63
650 56.33 45.95 94.57 129.47 37.84
651 56.49 61.10 65.07 112.27 30.29
652 56.57 2.03 42.69 50.07 17.11
653 56.47 29.33 80.61 89.02 31.66
654 56.50 80.84 58.02 112.82 29.46
655 56.51 25.30 76.97 85.50 28.27
656 56.60 86.76 65.74 114.81 30.37
657 56.67 96.26 21.42 54.59 14.60
658 56.82 34.46 70.10 90.94 31.34
659 57.02 38.41 84.31 103.02 32.44
660 56.90 53.62 86.49 139.14 36.70
661 56.98 15.91 81.69 89.88 29.04
662 57.07 89.72 50.30 99.20 24.49
663 57.22 6.40 58.23 64.93 21.76
664 57.43 11.10 64.56 69.11 24.63
665 57.38 83.75 63.40 122.52 31.03
666 57.36 93.05 38.86 91.79 21.83
667 57.44 68.98 65.29 122.74 32.61
668 57.64 19.31 80.39 89.53 28.92
669 57.57 77.14 61.87 121.26 30.90
670 57.49 42.92 85.92 132.94 35.71
671 57.99 57.03 69.12 122.97 32.45
672 57.62 49.46 92.22 138.80 35.46
673 57.81 31.48 75.71 96.08 29.36
674 57.87 72.81 60.96 118.17 30.86
675 57.90 65.04 64.02 123.96 30.53
676 58.25 2.68 46.36 53.84 17.29
677 58.19 22.60 77.74 91.57 29.13
678 58.19 46.41 84.48 141.67 36.50
679 58.07 60.82 67.12 125.65 30.87
680 58.20 26.48 67.22 87.19 27.97
681 58.33 15.92 71.61 88.47 28.07
682 58.51 40.09 85.42 122.28 34.48
683 58.66 79.78 63.68 116.80 30.08
684 58.52 53.21 77.39 135.47 32.70
685 58.63 86.80 50.59 100.98 26.02
686 58.88 34.77 69.77 89.21 29.43
687 58.88 9.99 63.93 79.32 25.01
688 58.74 90.69 40.48 95.08 22.40
689 58.92 94.47 25.50 72.87 16.31
690 58.89 6.37 61.70 75.96 22.40
691 59.02 83.24 61.84 131.90 31.56
692 59.11 30.01 76.85 100.17 30.22
693 59.38 13.48 63.52 89.64 27.72
694 59.40 75.75 60.03 120.62 29.74
695 59.21 44.19 81.41 135.07 34.90
696 59.37 49.57 81.17 145.15 33.05
697 59.39 68.01 62.57 119.79 28.21
698 59.44 63.30 72.62 136.68 31.38
699 59.52 18.46 69.79 91.51 27.84
700 59.80 71.88 65.02 131.15 29.89
701 59.79 38.10 78.60 120.37 32.02
702 60.10 59.85 67.58 128.87 31.64
703 59.98 21.84 74.96 89.16 26.63
704 59.91 25.83 75.14 103.33 28.77
705 60.23 2.75 37.94 52.91 15.86
706 60.22 56.40 70.41 140.07 31.81
707 60.05 52.88 82.10 165.21 33.36
708 60.23 41.55 84.23 132.03 33.41
709 60.43 46.38 78.22 137.79 33.51
710 60.24 88.63 50.16 110.90 24.53
711 60.36 80.33 58.60 119.88 28.99
712 60.44 84.80 53.44 123.01 27.56
713 60.38 7.44 54.77 74.50 21.72
714 60.59 92.26 37.99 92.64 19.46
715 60.52 29.59 69.34 99.72 27.29
716 60.60 35.08 75.42 111.98 28.37
717 60.89 15.38 63.25 89.28 26.24
718 60.93 11.83 56.16 75.91 22.72
719 60.90 65.06 62.00 122.10 27.19
720 61.12 50.06 80.78 156.45 36.34
721 61.26 69.96 68.76 135.61 27.82
722 61.35 74.32 60.42 121.43 28.04
723 61.60 78.09 56.47 131.95 27.40
724 61.42 32.46 74.88 113.30 28.86
725 61.57 95.29 22.06 65.70 13.23
726 61.59 18.09 70.90 102.18 27.50
727 61.45 24.60 71.21 112.36 27.24
728 61.62 38.39 71.39 124.84 29.50
729 61.71 4.33 39.90 63.35 16.30
730 61.73 21.25 62.35 99.66 25.46
731 61.78 41.97 78.96 144.02 33.12
732 61.61 53.69 80.50 166.99 33.36
733 61.81 8.98 59.88 81.54 21.75
734 61.89 82.42 54.62 124.02 26.05
735 62.06 57.80 65.85 132.81 30.11
736 62.10 86.15 48.41 114.16 25.37
737 62.09 44.73 86.76 154.44 34.86
738 62.10 61.87 69.85 145.97 29.81
739 61.96 89.83 39.53 103.39 21.79
740 62.11 27.47 73.32 113.39 27.54
741 62.12 47.62 85.59 163.69 34.14
742 62.35 67.13 62.90 135.50 27.40
743 62.73 35.67 67.43 108.98 27.61
744 62.73 12.08 59.97 82.61 22.43
745 62.70 30.83 64.66 108.95 26.72
746 62.91 92.96 31.70 90.28 16.47
747 63.23 15.24 62.55 88.70 24.10
748 63.01 71.05 59.05 128.27 25.94
749 63.08 6.60 47.59 79.60 20.09
750 63.16 49.19 78.06 155.87 32.12
751 63.04 53.02 81.40 172.87 34.47
752 63.11 76.57 64.28 127.66 26.40
753 63.12 22.82 63.04 101.89 25.28
754 63.46 81.32 55.34 119.97 25.86
755 63.42 18.77 59.33 95.73 23.58
756 63.31 39.61 69.89 133.70 29.96
757 63.48 64.52 64.58 133.88 27.20
758 63.65 88.88 43.35 115.48 21.55
759 63.72 59.74 64.72 143.70 28.85
760 63.70 26.75 69.60 110.64 26.34
761 63.72 44.63 76.58 142.78 31.89
762 63.87 55.85 69.57 148.08 29.28
763 64.10 85.69 43.41 106.46 21.97
764 64.01 33.33 65.16 118.53 25.22
765 64.32 73.39 62.02 132.22 26.08
766 64.12 9.74 50.20 81.95 20.76
767 64.24 29.96 67.83 119.48 27.70
768 64.45 67.82 56.53 130.16 26.58
769 64.58 41.09 72.83 145.02 29.77
770 64.55 48.91 83.13 177.20 36.16
771 64.70 77.86 56.06 123.76 24.38
772 64.67 92.50 27.20 83.00 15.84
773 64.58 23.88 62.37 115.95 26.19
774 64.78 36.25 72.39 122.04 28.10
775 64.94 13.23 63.74 92.67 22.92
776 64.89 52.10 83.38 177.53 32.52
777 64.94 82.94 51.48 136.75 24.15
778 65.06 6.18 42.76 76.50 17.82
779 65.24 19.76 63.50 95.67 24.01
780 65.04 63.85 61.88 150.65 26.89
781 65.19 16.41 62.59 94.90 23.59
782 65.23 60.59 70.94 165.40 28.16
783 65.27 44.57 83.64 176.02 33.93
784 65.36 55.35 87.40 199.66 31.18
785 65.67 70.66 55.32 140.56 24.47
786 65.63 89.15 35.05 96.57 19.19
787 65.54 27.82 65.84 114.34 26.31
788 65.73 38.83 83.66 166.06 30.31
789 65.82 10.03 48.75 87.47 20.51
790 65.77 32.16 63.86 115.21 25.30
791 66.08 58.32 67.58 165.42 27.48
792 66.53 73.71 50.11 116.71 23.40
793 66.00 47.16 88.01 189.71 33.44
794 66.10 80.85 53.93 136.93 25.91
795 65.89 22.96 62.30 116.74 25.27
796 66.37 85.26 45.28 114.86 21.56
797 66.26 41.75 80.44 174.66 31.76
798 66.30 50.10 86.25 195.11 33.25
799 66.40 67.26 53.67 132.21 23.41
800 66.41 76.99 52.79 131.92 23.59
801 66.59 53.58 80.23 184.52 31.20
802 66.65 92.94 21.40 77.85 13.37
803 66.61 36.07 71.61 145.21 27.00
804 66.73 6.74 41.91 79.31 16.45
805 66.79 62.81 56.40 128.20 23.31
806 66.91 12.85 59.71 101.40 21.87
807 66.78 25.75 67.09 126.82 24.31
808 67.09 15.84 56.30 91.42 20.86
809 67.07 44.91 78.66 181.01 30.09
810 67.20 21.58 61.04 109.16 21.94
811 67.43 18.47 65.10 114.76 23.17
812 67.16 32.60 65.66 130.50 25.67
813 67.52 28.80 62.16 118.04 24.69
814 67.77 90.19 27.56 86.66 16.02
815 67.60 39.13 66.48 140.11 26.98
816 67.50 57.72 63.01 138.19 24.90
817 67.54 79.00 53.35 151.83 24.82
818 67.69 9.91 48.08 87.70 18.51
819 67.60 48.19 76.20 181.70 30.36
820 67.84 82.12 49.41 138.93 24.29
821 67.94 87.68 38.35 114.29 19.73
822 67.85 42.03 72.95 183.91 31.27
823 68.02 52.31 73.18 162.60 27.79
824 68.18 69.86 45.81 118.20 21.77
825 68.12 66.40 51.54 136.21 22.54
826 68.16 35.99 59.88 131.75 23.58
827 68.19 24.30 53.83 105.06 20.96
828 68.34 62.52 58.47 144.93 23.08
829 68.54 73.55 49.51 129.72 22.90
830 68.71 84.82 43.27 120.53 20.93
831 68.53 93.23 17.14 62.61 10.37
832 68.63 7.33 39.66 76.14 15.58
833 68.59 32.27 63.30 130.56 24.70
834 68.70 77.07 46.82 131.80 22.27
835 68.68 44.69 76.53 175.38 28.92
836 68.86 55.80 68.31 171.12 26.34
837 68.84 13.25 52.41 85.10 19.68
838 69.00 20.54 57.20 110.75 22.33
839 68.88 48.63 72.07 173.32 28.83
840 69.25 59.66 51.64 139.03 22.41
841 69.20 17.00 61.55 111.78 22.48
842 69.11 28.10 53.84 110.47 22.08
843 69.42 41.06 65.45 144.32 26.63
844 69.63 81.07 43.78 121.41 21.54
845 69.54 36.29 59.54 124.81 23.46
846 69.83 52.28 63.86 148.14 25.67
847 69.70 24.10 56.88 120.05 22.50
848 69.76 64.97 52.66 145.07 22.97
849 69.81 88.27 31.75 101.17 15.88
850 70.09 9.99 46.83 81.63 17.46
851 70.01 71.17 43.99 132.73 21.49
852 70.17 92.06 19.75 75.64 11.57
853 70.18 5.83 33.64 77.81 13.73
854 70.11 31.60 54.58 109.97 22.05
855 70.18 44.59 66.22 168.17 28.45
856 70.18 48.16 69.29 180.59 26.65
857 70.10 76.60 45.23 130.80 20.42
858 70.86 67.76 48.21 128.06 20.45
859 70.56 38.49 70.27 158.98 24.48
860 70.52 56.89 57.89 141.15 23.05
861 70.56 14.15 53.64 103.94 20.70
862 70.35 27.42 50.54 109.27 21.99
863 70.91 85.90 37.28 113.62 17.76
864 70.75 21.04 56.64 120.02 23.08
865 70.91 61.53 50.25 135.27 22.42
866 71.09 17.70 54.36 108.87 21.36
867 70.90 25.75 52.04 115.23 20.99
868 71.16 74.65 45.60 146.09 21.72
869 71.22 41.15 63.56 145.67 24.05
870 71.29 35.31 58.40 138.67 23.80
871 71.46 82.94 37.96 115.31 19.63
872 71.44 79.01 40.46 130.19 21.41
873 71.52 53.47 53.62 140.68 23.07
874 71.53 7.45 36.70 76.22 13.88
875 71.68 28.29 52.02 124.69 22.25
876 71.56 49.01 59.37 156.07 24.50
877 71.60 32.21 58.10 132.38 21.87
878 71.66 44.74 61.29 156.18 22.82
879 71.97 89.49 23.66 89.33 13.43
880 72.10 11.00 42.35 84.88 15.44
881 72.04 23.65 52.57 111.19 21.33
882 72.10 64.61 50.55 145.24 20.75
883 71.99 71.68 44.61 142.61 21.72
884 72.26 57.63 50.87 143.92 21.17
885 72.23 14.30 48.06 108.97 19.07
886 72.57 37.50 56.14 124.89 21.17
887 72.62 20.01 45.99 102.45 19.40
888 72.71 41.67 62.74 153.00 23.32
889 72.93 61.28 47.25 139.37 19.90
890 72.80 68.12 44.40 143.69 19.97
891 72.95 75.83 39.71 129.27 20.37
892 73.03 50.72 54.70 158.91 22.38
893 73.09 86.76 30.75 105.60 16.22
894 73.03 46.18 58.41 147.24 22.97
895 72.93 80.58 41.58 142.34 21.01
896 73.00 30.11 52.40 129.46 21.79
897 73.12 8.37 38.95 85.79 14.90
898 73.25 54.27 49.11 150.01 20.85
899 73.38 16.20 47.73 99.34 18.14
900 73.39 33.97 57.23 129.75 21.86
901 73.31 26.11 49.31 111.01 20.74
902 73.79 83.51 35.20 111.65 19.38
903 73.70 71.56 43.47 134.23 19.57
904 74.05 39.75 56.38 145.15 22.02
905 74.08 65.14 45.87 152.45 20.65
906 74.13 11.78 36.42 79.78 15.08
907 74.22 22.80 50.32 110.43 19.97
908 74.14 57.96 43.64 135.31 18.68
909 74.24 48.66 47.97 147.35 20.59
910 74.33 43.36 53.78 144.97 21.23
911 74.37 18.80 44.98 111.37 19.61
912 74.28 78.78 37.17 130.97 19.79
913 74.53 30.53 45.81 119.70 19.32
914 74.72 88.79 21.80 84.24 11.83
915 74.89 36.74 51.16 121.66 19.55
916 74.61 7.70 27.76 73.36 11.83
917 74.72 74.71 42.25 126.10 19.70
918 74.87 26.87 44.77 110.36 18.54
919 74.90 61.86 39.88 133.64 18.08
920 74.90 68.42 40.20 133.55 18.12
921 74.87 53.46 44.04 133.79 18.38
922 75.20 14.44 43.74 100.24 17.32
923 75.30 33.34 48.29 127.51 17.52
924 75.34 45.95 51.03 160.40 22.06
925 75.27 85.08 32.04 122.08 16.64
926 75.79 40.59 50.17 135.60 20.38
927 75.97 72.03 43.60 138.20 19.87
928 75.83 20.43 49.50 117.11 19.48
929 75.71 50.04 44.94 152.66 18.96
930 75.69 79.12 34.93 132.44 20.04
931 75.75 57.26 42.57 137.40 18.55
932 75.70 82.32 35.01 124.39 18.01
933 76.01 10.27 33.01 80.16 12.41
934 76.05 24.03 45.68 114.84 17.64
935 76.67 65.27 35.76 118.49 17.97
936 76.33 16.96 40.85 95.92 17.10
937 76.23 28.94 44.00 111.96 17.52
938 76.34 75.74 37.34 140.78 20.74
939 76.61 86.97 23.19 99.17 13.26
940 76.54 61.24 38.51 130.12 17.63
941 76.71 69.04 41.40 131.91 18.88
942 76.72 43.76 47.52 136.49 19.37
943 76.85 52.76 43.92 128.31 17.75
944 76.77 36.91 45.12 119.53 17.61
945 76.88 48.43 47.16 145.95 18.30
946 76.78 32.60 42.12 122.36 18.31
947 76.97 13.24 40.21 97.88 16.04
948 76.60 82.27 31.78 121.50 17.39
949 77.13 89.96 12.59 63.69 7.52
950 77.28 56.95 40.02 136.57 17.89
951 77.47 25.16 49.75 121.60 19.04
952 77.47 21.20 47.27 111.92 18.17
953 77.45 79.09 34.19 126.41 19.19
954 77.92 40.10 44.28 137.09 16.80
955 77.83 74.55 38.75 148.21 20.73
956 78.10 84.10 26.86 106.41 14.84
957 78.09 17.76 39.73 102.99 16.54
958 78.07 10.04 28.01 68.26 11.98
959 78.00 28.45 44.88 124.95 18.33
960 77.95 47.10 41.63 144.66 18.34
961 78.33 71.58 37.88 131.60 19.24
962 78.17 32.56 41.91 114.15 17.58
963 78.39 61.05 35.83 130.23 17.26
964 78.48 43.23 48.52 143.42 19.04
965 78.53 14.34 35.67 87.99 14.22
966 78.51 87.46 19.99 90.80 10.89
967 78.44 36.69 43.46 126.16 17.82
968 78.62 64.46 37.29 140.79 17.59
969 78.55 53.38 41.54 136.17 16.47
970 79.01 68.19 35.24 134.13 18.05
971 79.20 50.46 39.95 135.13 16.78
972 78.85 57.15 43.47 139.28 17.92
973 78.95 77.22 33.78 123.40 18.56
974 78.96 81.00 30.56 117.48 16.65
975 79.01 21.74 46.05 123.77 18.53
976 79.31 25.27 44.58 115.39 17.99
977 79.42 46.86 39.14 156.58 16.76
978 79.54 29.01 43.17 123.42 16.81
979 79.67 33.03 41.07 125.16 17.64
980 79.97 18.23 39.07 92.63 15.36
981 79.88 40.08 42.14 133.79 17.83
982 79.98 10.70 26.07 70.55 9.72
983 80.10 36.51 42.85 129.10 17.34
984 80.13 14.29 31.68 86.90 13.07
985 80.22 71.74 34.73 123.09 18.88
986 80.19 59.54 37.40 123.92 16.77
987 80.06 87.03 12.69 69.74 8.97
988 80.27 44.20 39.50 133.48 16.09
989 80.34 76.02 32.24 122.32 17.71
990 80.42 54.52 37.36 123.05 15.81
991 80.35 81.74 25.36 104.71 14.39
992 80.32 64.88 37.12 125.01 17.31
993 80.73 21.47 40.93 99.83 16.54
994 80.86 49.64 37.43 123.58 16.12
995 80.99 25.62 45.60 105.78 17.11
996 80.91 30.04 43.45 129.36 18.07
997 81.35 84.55 19.61 101.79 10.90
998 81.63 69.28 34.10 122.63 17.09
999 81.32 34.23 39.87 123.56 16.07
1000 81.52 15.79 33.25 94.19 13.78
1001 81.52 41.65 41.25 133.35 15.13
1002 81.74 77.50 28.47 121.55 15.81
1003 81.97 12.23 24.95 80.10 10.08
1004 81.96 38.30 37.79 119.02 15.61
1005 81.70 59.49 37.08 120.95 16.05
1006 81.89 45.29 36.44 131.51 16.42
1007 81.86 64.76 35.82 130.88 17.23
1008 81.93 80.86 28.46 118.69 14.01
1009 82.11 73.29 37.72 138.86 18.04
1010 82.14 54.19 37.95 115.84 15.73
1011 82.51 18.20 34.82 86.86 14.27
1012 82.25 22.04 40.46 112.01 15.91
1013 82.32 30.61 43.89 126.29 18.17
1014 82.28 49.33 37.49 140.21 15.98
1015 82.55 26.78 41.84 113.54 17.13
1016 82.77 34.77 43.66 123.75 16.35
1017 83.22 61.47 36.87 134.95 16.39
1018 83.20 83.31 15.35 84.76 8.92
1019 83.27 42.12 36.97 125.04 16.08
1020 83.41 57.40 35.84 137.51 15.76
1021 83.42 14.39 25.87 78.56 10.31
1022 83.59 68.35 33.96 120.46 17.47
1023 83.39 75.91 30.35 124.33 15.74
1024 83.54 23.98 37.78 115.12 15.35
1025 83.52 79.61 25.89 112.56 13.28
1026 83.49 46.78 35.37 125.55 15.18
1027 83.85 64.90 35.49 122.26 16.42
1028 83.76 50.91 38.20 122.66 15.27
1029 84.00 72.01 34.12 126.86 17.70
1030 83.85 37.73 38.60 116.78 15.71
1031 83.80 29.45 41.75 121.42 16.49
1032 84.00 20.40 35.07 100.54 14.63
1033 83.84 32.37 39.15 137.14 16.49
1034 84.45 54.28 36.71 124.91 15.34
1035 84.46 17.11 28.30 87.92 11.64
1036 84.40 33.94 37.21 100.13 15.97
1037 84.80 26.61 40.87 115.12 16.43
1038 84.91 59.51 34.62 122.98 15.35
1039 84.89 44.94 36.82 126.22 15.47
1040 85.01 41.02 40.56 119.70 15.40
1041 85.12 82.17 15.57 75.28 9.00
1042 85.05 79.14 22.85 118.63 12.42
1043 85.16 14.34 22.01 83.84 8.84
1044 85.24 23.47 36.33 99.74 15.03
1045 85.24 75.92 26.93 117.53 13.86
1046 85.67 48.70 35.04 106.90 15.06
1047 85.52 29.83 41.01 114.61 16.58
1048 85.83 62.83 34.98 133.69 16.45
1049 85.73 69.93 36.01 128.65 16.36
1050 85.64 36.76 40.59 117.52 15.06
1051 85.91 66.25 33.31 123.38 17.22
1052 85.77 19.80 31.27 87.35 12.70
1053 85.84 33.24 40.33 120.31 16.43
1054 86.42 56.20 36.24 120.92 16.13
1055 86.33 73.26 30.01 129.49 14.00
1056 86.37 52.15 35.89 119.30 14.86
1057 86.45 16.51 23.66 76.75 9.98
1058 86.77 40.05 36.32 116.41 14.68
1059 86.75 44.44 33.33 113.24 14.47
1060 86.80 27.20 36.83 104.98 15.07
1061 87.15 59.68 34.50 124.88 16.00
1062 86.86 78.92 18.65 83.71 9.13
1063 86.96 23.68 34.10 103.28 13.73
1064 87.38 20.48 29.45 94.36 11.87
1065 87.26 31.09 38.71 112.30 15.00
1066 87.56 35.46 36.63 107.87 15.41
1067 87.70 68.08 30.84 119.04 15.75
1068 87.73 75.70 23.63 106.50 11.14
1069 88.13 47.55 32.32 102.87 14.45
1070 87.94 63.96 33.50 120.36 16.19
1071 88.02 71.93 28.89 122.95 13.80
1072 88.12 52.27 32.91 112.91 15.63
1073 88.51 38.70 35.27 107.82 15.80
1074 88.92 43.33 32.50 98.29 15.40
1075 88.59 27.71 35.08 96.41 13.63
1076 89.17 55.94 32.84 92.87 15.10
1077 88.69 23.37 30.55 90.09 12.60
1078 88.76 32.63 34.63 103.59 14.84
1079 88.98 60.41 33.87 132.41 16.04
1080 88.80 19.47 25.24 90.40 9.80
1081 88.94 57.63 32.87 128.76 16.44
1082 89.73 66.51 27.14 113.40 14.04
1083 89.54 74.28 19.50 102.43 9.86
1084 89.55 70.40 25.35 132.65 13.18
1085 89.82 52.25 31.82 113.47 13.87
1086 90.05 30.92 38.89 114.27 13.47
1087 90.38 35.15 35.28 94.51 15.18
1088 90.15 39.95 36.33 107.26 14.89
1089 90.23 47.73 31.87 102.89 15.11
1090 90.13 24.60 28.88 102.77 11.56
1091 90.40 62.34 28.39 124.32 14.88
1092 90.60 27.80 32.08 101.59 12.75
1093 91.07 58.06 30.46 111.26 14.39
1094 91.31 43.69 33.17 106.57 14.93
1095 91.24 22.26 21.70 83.52 8.76
1096 91.26 74.21 12.02 75.59 7.17
1097 91.25 70.00 20.82 103.09 10.48
1098 91.43 52.77 32.50 107.81 14.44
1099 91.66 37.87 32.79 112.22 14.60
1100 91.69 65.06 25.56 123.11 13.12
1101 91.69 31.51 30.18 103.61 14.29
1102 91.95 25.41 24.21 90.73 10.54
1103 92.29 47.51 31.91 108.74 14.87
1104 92.55 60.91 24.74 115.32 13.26
1105 92.64 28.93 28.40 92.80 10.75
1106 92.76 40.93 32.33 101.19 14.34
1107 92.76 56.62 28.87 113.97 13.73
1108 92.71 34.34 31.54 107.61 13.17
1109 92.77 67.97 18.78 113.91 9.91
1110 93.13 51.06 29.41 108.93 14.21
1111 93.52 26.41 23.30 98.40 8.91
1112 94.04 45.07 28.91 90.47 13.50
1113 93.77 63.65 21.67 110.33 10.57
1114 93.86 37.15 30.70 102.37 12.62
1115 94.00 31.79 26.13 88.65 10.91
1116 94.33 54.09 27.83 109.30 13.04
1117 94.41 67.57 13.70 88.95 7.14
1118 94.63 57.98 24.25 103.41 11.66
1119 94.84 40.54 27.87 90.23 11.99
1120 95.21 50.58 24.95 95.16 12.52
1121 95.44 35.51 25.44 89.24 11.26
1122 95.37 61.63 18.43 105.81 9.59
1123 95.34 30.88 21.79 87.58 9.47
1124 96.07 47.53 25.60 97.66 11.94
1125 96.31 43.65 26.53 93.97 11.16
1126 96.42 57.84 19.81 109.06 9.69
1127 96.74 53.83 21.58 93.95 10.25
1128 96.76 39.75 25.80 94.39 11.31
1129 96.94 35.27 22.26 97.80 9.74
1130 97.05 61.52 13.59 84.01 6.74
1131 97.76 48.22 22.14 100.38 9.67

