#<Embryo name> <Cleavage cycle> <Temporal class> <Genes>
ac16 13  - even-skipped caudal bicoid

#Quantitative data
#<Nucleus number> <A-P coordinate> <D-V coordinate> <Fluorescence intensity: channel 1 - eve, channel 2 - cad, channel 3 - bcd>
0 1.87 46.14 5.56 10.89 100.16
1 2.42 49.64 6.92 12.01 116.71
2 2.70 43.47 6.71 14.03 132.13
3 3.14 53.69 6.65 12.34 103.29
4 3.83 47.04 12.14 21.70 184.91
5 4.23 50.51 14.40 22.35 187.26
6 4.31 43.40 11.88 20.78 179.85
7 4.89 56.50 9.59 16.61 131.25
8 5.21 39.98 11.56 19.00 156.00
9 5.07 53.32 15.48 24.92 187.51
10 5.57 47.61 19.30 28.63 189.92
11 5.68 59.47 8.01 14.78 102.08
12 5.83 43.61 17.56 29.82 201.71
13 6.53 35.19 8.26 15.54 105.08
14 6.47 50.92 19.61 32.47 197.58
15 6.71 54.30 20.44 31.86 193.82
16 6.95 41.12 18.74 28.23 175.61
17 7.21 57.10 16.95 29.00 165.07
18 7.11 45.35 20.74 34.24 189.76
19 7.03 63.79 5.29 11.08 61.50
20 7.28 60.36 13.47 23.17 143.59
21 7.44 37.99 18.08 28.67 186.14
22 7.60 48.51 24.89 37.26 199.11
23 8.21 52.45 23.94 38.50 182.36
24 8.37 33.02 11.20 19.89 125.49
25 8.72 44.47 23.44 33.32 169.59
26 8.53 63.01 12.19 20.60 118.41
27 8.78 36.22 19.15 28.44 165.64
28 8.65 40.58 22.87 34.33 177.42
29 9.04 55.89 21.74 36.16 164.05
30 9.01 59.18 18.93 33.26 168.15
31 9.06 48.70 24.60 38.38 184.78
32 9.66 31.14 10.60 19.10 115.36
33 9.55 66.18 10.43 19.20 96.45
34 9.79 52.37 24.97 38.50 167.48
35 10.24 38.11 26.97 37.77 172.84
36 10.12 62.66 19.38 33.74 147.17
37 10.24 41.35 28.01 42.41 187.65
38 10.34 27.91 7.06 14.32 75.40
39 10.51 35.02 21.93 33.42 159.88
40 10.44 44.72 26.19 40.15 169.93
41 10.43 69.22 6.95 14.32 56.06
42 10.57 47.99 27.38 40.49 163.93
43 10.74 59.95 24.12 40.25 156.72
44 11.03 56.91 23.61 38.35 154.56
45 11.15 53.71 26.77 42.23 166.02
46 11.09 65.64 17.48 30.14 123.54
47 11.29 32.30 19.96 32.43 150.47
48 11.59 50.55 31.00 41.54 163.54
49 11.90 42.26 26.17 39.11 149.83
50 11.86 28.29 11.00 18.98 101.85
51 11.93 38.37 28.55 38.31 151.86
52 11.93 70.94 7.92 16.36 57.75
53 12.37 67.91 17.29 29.49 109.83
54 12.21 45.72 30.15 45.18 166.83
55 12.34 60.76 28.10 43.02 139.38
56 12.53 64.07 26.56 42.73 135.90
57 12.72 34.54 29.23 39.43 144.51
58 12.69 55.62 29.19 46.91 160.57
59 12.84 31.38 23.80 33.76 138.42
60 13.05 48.52 29.23 44.78 143.36
61 13.19 52.61 30.25 47.08 148.18
62 13.28 58.47 32.89 51.45 157.99
63 13.40 25.28 10.59 18.11 87.12
64 13.49 37.49 30.38 49.07 154.98
65 13.62 40.90 28.67 43.30 145.74
66 13.62 28.82 19.90 31.39 120.98
67 13.67 71.32 12.82 23.27 72.09
68 13.94 43.64 31.93 44.21 137.40
69 13.92 66.86 27.03 44.86 124.55
70 13.74 45.19 29.67 40.29 137.56
71 14.39 60.79 31.97 50.25 141.15
72 14.44 63.62 31.13 49.52 131.65
73 14.69 34.74 31.07 40.64 128.04
74 14.69 31.67 25.52 35.66 111.95
75 14.57 56.50 32.93 51.62 145.79
76 14.75 50.16 34.05 47.77 140.31
77 14.87 46.96 34.83 47.64 144.01
78 14.81 26.28 19.71 29.66 110.71
79 14.66 23.38 7.46 13.98 53.59
80 14.94 53.25 35.10 50.78 141.55
81 15.14 38.40 33.01 42.88 125.30
82 15.19 69.05 25.98 44.87 115.10
83 15.32 72.92 14.95 25.58 75.67
84 15.56 29.17 31.12 43.45 126.75
85 15.74 76.78 6.49 15.62 31.54
86 15.78 65.92 32.83 50.65 125.43
87 15.96 44.65 38.25 50.42 130.18
88 16.20 41.73 35.86 50.81 126.59
89 15.94 59.92 36.96 54.08 130.25
90 16.04 23.40 14.56 22.78 76.94
91 16.49 32.31 32.86 41.80 106.08
92 16.25 56.13 34.60 57.04 128.00
93 16.55 63.06 39.09 55.03 126.94
94 16.57 48.78 38.08 49.25 121.40
95 16.63 52.80 34.27 46.88 119.61
96 16.85 36.17 39.48 53.41 129.70
97 16.88 39.24 36.48 51.22 121.08
98 16.80 70.21 28.48 46.04 100.55
99 16.90 27.54 31.39 43.09 112.29
100 16.80 74.58 16.62 29.55 75.19
101 17.54 19.34 9.06 15.57 45.23
102 17.36 58.83 39.89 59.40 123.32
103 17.51 66.35 37.44 51.11 107.87
104 17.63 78.12 8.28 16.89 30.85
105 17.32 22.99 21.18 31.04 94.28
106 17.78 46.26 43.28 54.38 120.67
107 18.27 43.11 40.81 50.97 107.06
108 17.85 21.77 20.09 28.83 83.83
109 18.04 34.18 38.92 50.03 112.05
110 18.01 51.54 41.54 53.19 119.03
111 18.20 25.13 34.48 42.23 101.57
112 18.16 55.96 40.39 57.20 114.59
113 18.04 72.90 31.88 47.03 97.35
114 18.12 62.58 44.86 58.32 114.92
115 18.25 28.80 37.57 46.66 111.53
116 18.45 69.53 44.00 62.37 109.27
117 18.59 38.99 36.86 44.16 90.25
118 18.92 48.63 46.92 57.57 119.51
119 19.18 31.23 40.63 45.33 95.42
120 19.01 59.13 46.40 61.98 115.90
121 18.94 76.00 23.03 37.43 73.17
122 19.24 66.53 47.43 61.82 103.28
123 19.51 79.79 12.00 21.27 34.12
124 19.34 54.10 49.03 61.66 123.93
125 19.56 22.56 31.73 39.21 88.10
126 19.74 61.67 53.39 70.54 115.34
127 19.79 26.50 36.63 43.88 90.32
128 19.69 34.83 44.31 50.82 101.89
129 19.78 73.00 37.42 58.32 86.88
130 19.95 51.31 56.82 60.49 110.23
131 20.00 64.39 61.58 70.51 119.07
132 20.08 44.28 48.36 55.94 104.25
133 20.32 40.91 48.26 56.40 103.09
134 20.30 56.48 55.28 59.45 106.46
135 20.17 69.85 49.74 64.92 99.82
136 20.58 37.72 44.64 50.44 93.75
137 20.29 82.68 6.36 13.93 13.14
138 20.49 47.96 51.93 57.91 102.62
139 20.62 76.01 34.57 49.12 81.55
140 20.93 29.20 42.32 48.07 84.83
141 20.97 15.65 11.72 16.23 39.65
142 20.93 32.90 47.70 52.45 92.79
143 21.03 59.31 61.44 67.20 102.58
144 21.12 79.36 26.23 35.79 55.46
145 21.25 66.93 62.76 66.30 94.52
146 21.15 22.48 45.37 47.73 88.53
147 21.75 19.21 29.90 32.50 61.87
148 21.48 53.63 52.78 59.70 93.76
149 21.47 62.50 55.75 65.70 95.87
150 21.55 25.95 50.60 51.29 89.35
151 21.47 72.55 51.93 62.59 88.18
152 21.63 45.67 57.56 61.47 98.37
153 21.89 50.15 55.94 56.17 90.56
154 21.98 82.43 15.26 20.15 27.62
155 22.22 35.81 48.58 49.91 81.70
156 22.17 56.97 64.42 72.57 100.63
157 22.56 39.82 48.41 49.88 79.07
158 22.32 69.90 64.10 68.10 86.85
159 22.31 31.46 55.42 55.02 89.83
160 22.42 75.98 52.05 58.22 73.31
161 22.70 43.21 54.97 56.54 86.42
162 22.57 64.86 64.77 74.73 96.30
163 22.71 15.38 24.18 24.40 50.16
164 22.89 23.71 51.92 47.59 73.35
165 23.02 59.35 65.60 65.62 87.64
166 22.84 79.20 41.22 48.73 65.43
167 22.78 27.38 47.72 46.13 70.97
168 23.06 47.16 65.20 60.57 88.50
169 22.92 84.35 11.07 17.74 17.62
170 23.40 62.22 70.90 75.07 92.69
171 23.42 67.20 69.76 77.66 88.53
172 23.38 52.43 66.00 64.00 87.69
173 23.38 73.66 61.80 67.20 75.36
174 23.30 28.91 56.12 52.05 76.22
175 23.50 55.42 65.63 69.39 90.30
176 23.84 17.68 43.48 37.50 63.54
177 23.78 32.51 64.50 56.83 81.26
178 23.96 21.44 66.16 54.09 77.89
179 23.94 36.20 57.60 55.29 80.66
180 24.00 81.53 41.64 44.28 55.52
181 23.88 12.96 14.05 16.69 30.66
182 24.13 49.49 72.11 65.49 88.51
183 24.01 70.23 78.48 77.08 84.79
184 24.36 85.10 18.37 22.06 23.60
185 24.54 26.84 66.73 52.80 72.79
186 24.52 42.50 67.65 62.93 83.62
187 24.62 45.64 69.52 61.46 84.05
188 24.58 39.14 59.31 61.59 81.66
189 24.57 78.25 62.88 64.41 63.64
190 24.91 58.06 77.96 74.47 86.30
191 24.84 64.29 77.07 81.04 82.39
192 24.84 60.89 81.08 78.37 88.06
193 24.99 30.56 66.92 59.75 74.24
194 25.03 72.53 80.69 83.27 75.16
195 25.26 75.56 71.67 77.41 70.03
196 24.92 67.34 82.36 87.91 87.13
197 25.22 23.91 67.98 59.77 74.01
198 25.27 52.05 74.82 68.57 82.73
199 25.11 13.76 30.84 25.76 46.60
200 25.31 55.39 79.46 74.84 87.07
201 25.04 34.06 58.02 42.09 66.95
202 25.39 20.52 64.06 54.84 71.26
203 25.70 17.44 56.37 45.94 63.84
204 25.72 48.10 83.03 69.51 82.07
205 26.23 69.46 81.95 77.88 71.21
206 25.80 82.83 51.48 44.11 45.93
207 26.02 86.53 20.76 21.81 18.31
208 26.17 36.88 66.00 57.11 68.45
209 26.09 40.63 73.56 60.23 71.66
210 25.81 11.28 15.98 13.56 21.33
211 26.65 45.21 78.62 59.23 68.33
212 26.33 62.80 86.49 81.65 75.60
213 26.36 27.28 75.44 57.62 64.90
214 26.27 88.39 12.90 15.97 8.81
215 26.38 79.19 76.72 71.41 61.14
216 26.26 34.45 79.76 57.42 90.04
217 26.45 66.10 91.66 88.40 78.99
218 26.81 60.23 85.19 74.85 71.53
219 26.43 31.38 68.52 61.92 74.67
220 26.54 14.04 45.64 37.18 55.45
221 26.70 72.56 88.92 85.55 71.31
222 26.84 53.82 85.54 72.72 76.43
223 26.87 49.78 90.01 71.30 75.66
224 27.16 23.98 72.49 55.25 61.14
225 27.02 57.28 89.51 77.59 74.44
226 26.77 20.16 72.88 60.69 66.29
227 27.08 75.82 86.28 82.38 64.92
228 27.41 42.28 79.45 69.84 74.02
229 27.30 84.57 55.10 47.97 41.86
230 27.60 16.81 68.77 54.67 57.19
231 28.05 29.44 79.44 56.88 58.36
232 27.97 39.03 83.08 68.00 65.47
233 27.45 21.10 78.27 50.60 54.45
234 28.19 35.83 82.47 64.01 60.77
235 28.04 32.65 81.04 64.92 61.37
236 28.25 82.16 76.38 71.17 53.43
237 27.97 64.27 92.43 84.13 74.75
238 27.96 78.97 91.64 84.74 63.84
239 28.09 67.50 103.46 92.60 71.20
240 28.11 51.69 97.51 78.34 77.20
241 27.94 88.34 19.35 19.07 12.43
242 28.32 70.18 95.65 93.59 68.59
243 28.29 13.33 54.19 37.78 47.11
244 28.42 48.23 100.76 75.80 71.48
245 28.38 73.05 96.06 95.02 67.17
246 28.71 60.76 98.46 85.33 67.50
247 28.54 19.89 83.11 60.85 62.14
248 28.64 45.08 96.03 70.70 71.94
249 28.52 26.66 79.52 65.27 59.94
250 28.84 54.30 91.03 79.14 65.84
251 28.72 57.56 103.42 92.12 75.73
252 28.81 86.02 47.94 38.13 34.37
253 28.92 76.05 95.88 89.52 61.25
254 28.74 23.36 80.91 62.79 58.71
255 29.03 10.51 29.53 24.20 31.09
256 29.23 41.53 91.81 73.70 66.26
257 29.29 16.64 79.68 56.53 55.93
258 29.65 89.89 21.62 20.98 12.23
259 29.53 63.46 105.50 94.22 70.14
260 29.69 66.44 104.22 96.80 68.85
261 29.37 26.60 78.32 53.32 48.31
262 29.58 79.76 87.56 83.59 54.30
263 29.75 33.06 83.08 59.90 55.61
264 29.80 50.50 96.18 76.62 65.21
265 29.49 23.12 85.39 59.78 57.51
266 29.96 37.80 88.66 63.88 56.92
267 29.96 14.07 68.85 52.54 50.43
268 29.98 71.57 99.99 104.33 67.18
269 30.15 83.40 83.25 71.84 47.38
270 30.04 55.74 106.17 87.84 69.08
271 30.12 8.56 16.67 17.48 17.84
272 30.18 19.87 84.74 63.24 55.99
273 30.27 28.96 81.33 67.83 56.42
274 30.25 44.23 102.36 79.46 66.05
275 30.60 69.11 103.35 95.84 63.49
276 30.33 46.37 102.22 73.05 62.88
277 30.61 47.93 97.43 73.81 58.23
278 30.49 58.74 106.34 89.38 65.42
279 30.53 74.03 102.69 103.22 62.74
280 30.65 87.91 48.46 42.75 30.51
281 30.62 24.48 83.52 59.83 49.48
282 30.95 11.26 48.72 35.13 37.25
283 30.71 76.98 95.98 103.06 59.82
284 30.78 62.30 106.87 100.49 64.18
285 30.89 52.74 102.27 80.65 64.78
286 31.01 41.89 99.72 74.75 62.00
287 31.23 16.35 78.71 61.05 48.26
288 31.23 80.18 101.26 102.84 55.60
289 31.74 91.41 17.67 20.31 9.69
290 31.53 36.72 93.49 66.70 52.43
291 30.99 56.05 90.07 64.98 50.41
292 31.38 66.04 110.20 100.90 62.67
293 31.37 32.52 83.61 65.15 50.94
294 31.71 85.61 80.58 76.75 46.14
295 31.55 21.04 89.37 73.22 56.84
296 31.87 27.71 83.67 68.83 50.66
297 32.26 50.93 108.54 84.42 60.99
298 31.89 60.44 113.85 105.80 67.01
299 31.94 9.43 32.54 24.68 27.03
300 31.81 39.58 99.84 79.43 62.42
301 32.32 71.49 97.46 96.94 52.36
302 32.21 82.84 94.29 96.16 50.45
303 32.41 44.31 92.76 73.18 50.64
304 32.29 47.95 97.03 83.68 61.48
305 32.27 54.22 113.88 94.00 64.35
306 32.32 57.49 109.55 97.03 61.48
307 32.24 74.50 101.18 104.71 56.55
308 32.45 78.14 102.80 98.21 53.58
309 32.57 63.27 120.47 102.23 60.47
310 32.50 18.06 89.03 65.94 49.24
311 32.60 68.59 111.50 107.23 59.45
312 32.85 88.60 45.81 44.57 26.98
313 32.59 23.73 83.92 68.49 46.64
314 32.39 40.88 96.12 76.70 55.14
315 32.67 13.88 68.35 54.41 39.91
316 32.50 30.53 88.09 67.84 43.72
317 32.93 34.74 93.61 69.04 48.77
318 33.19 7.69 23.02 19.06 16.78
319 33.23 65.78 121.61 116.95 62.65
320 33.94 10.77 51.15 36.64 30.45
321 33.36 31.02 90.66 64.32 46.24
322 33.51 60.49 115.54 110.36 61.66
323 33.68 27.55 85.85 70.62 43.69
324 33.54 40.13 88.10 78.16 51.64
325 33.73 85.20 83.20 86.30 39.30
326 33.70 55.37 116.90 102.10 63.90
327 33.99 82.04 89.47 102.76 47.00
328 33.91 19.45 83.06 70.96 44.36
329 33.51 46.67 104.69 90.45 56.89
330 33.88 75.86 98.00 105.52 52.22
331 33.91 79.05 104.79 119.06 53.31
332 34.13 52.63 113.81 99.46 60.65
333 34.22 91.50 24.15 28.14 14.09
334 34.08 49.77 110.88 95.92 61.96
335 33.88 22.71 85.76 77.21 49.13
336 34.36 69.59 109.93 113.88 55.91
337 34.27 58.19 119.24 110.50 64.07
338 34.20 72.41 103.93 118.53 54.23
339 34.28 37.46 92.62 77.51 48.49
340 34.30 43.92 93.20 78.04 51.97
341 34.34 14.74 76.09 59.25 37.70
342 34.58 63.98 116.08 113.12 55.74
343 34.71 33.52 88.78 73.03 44.18
344 34.36 47.22 108.54 90.49 54.90
345 34.81 66.87 111.19 117.16 56.46
346 34.56 24.13 81.49 62.14 38.16
347 34.79 88.15 59.84 64.19 33.62
348 35.29 30.31 80.68 70.41 42.12
349 35.22 7.46 25.95 21.22 18.51
350 35.04 93.73 12.36 19.34 5.58
351 35.06 61.31 110.35 119.63 62.84
352 35.24 56.35 122.35 118.84 65.76
353 35.24 17.22 86.09 73.76 40.86
354 35.34 74.52 107.02 124.05 50.69
355 35.49 22.00 80.97 71.41 42.60
356 35.61 41.60 85.07 82.24 47.12
357 35.52 84.57 84.64 93.79 40.55
358 35.65 26.91 76.44 72.83 41.02
359 35.45 79.94 92.50 101.92 43.75
360 35.82 48.40 104.93 99.50 55.30
361 35.67 53.68 117.91 113.97 60.32
362 35.72 37.87 87.40 84.06 46.39
363 35.88 51.07 110.96 105.34 56.96
364 35.94 45.55 95.34 93.56 53.02
365 36.21 10.26 55.89 42.78 29.65
366 36.23 76.67 102.32 117.84 49.19
367 36.09 59.26 113.31 120.55 59.07
368 36.06 71.36 102.86 117.56 50.45
369 36.11 13.67 78.69 68.21 38.88
370 35.80 18.22 79.14 50.47 32.84
371 36.14 92.29 22.37 29.69 12.44
372 36.39 88.94 63.51 70.00 31.68
373 36.22 63.52 107.46 120.04 54.12
374 36.39 68.14 111.52 115.96 52.39
375 36.56 35.34 82.26 78.96 42.54
376 36.80 20.82 76.77 75.99 38.94
377 36.66 56.23 121.13 120.30 59.86
378 36.96 82.24 95.80 118.89 43.96
379 37.00 25.28 75.12 78.57 39.45
380 37.22 32.23 77.88 75.19 38.74
381 37.08 16.61 77.42 72.50 36.15
382 37.12 79.19 98.63 128.85 47.01
383 37.20 85.88 76.17 107.95 39.29
384 37.31 65.16 113.90 125.31 54.61
385 37.38 7.67 29.91 29.90 21.78
386 37.15 43.36 81.02 91.69 47.66
387 37.16 53.06 100.98 111.19 57.33
388 37.30 74.23 99.60 123.52 45.85
389 37.71 91.45 36.52 45.39 18.41
390 37.50 39.90 76.11 80.43 40.32
391 37.37 61.41 113.15 128.44 55.64
392 37.60 29.05 75.13 83.57 40.89
393 37.58 49.48 102.50 99.97 51.85
394 37.73 46.49 88.25 96.32 50.11
395 37.76 12.28 66.26 60.89 31.02
396 37.61 94.79 9.61 17.69 4.38
397 37.83 71.15 101.90 130.67 46.63
398 37.77 58.68 115.09 130.17 56.42
399 38.12 67.64 107.12 128.40 49.71
400 37.77 5.29 12.78 15.08 7.62
401 38.03 55.95 113.97 127.66 58.76
402 38.26 19.41 79.69 80.33 37.77
403 38.34 23.40 71.60 79.40 36.59
404 38.22 36.39 77.52 84.09 40.22
405 38.52 77.49 87.45 121.38 41.89
406 38.48 52.13 105.87 117.28 52.94
407 38.50 84.10 85.35 122.62 38.90
408 38.65 62.78 110.60 136.75 53.95
409 38.83 80.78 81.48 125.87 41.00
410 38.98 87.28 69.89 96.96 31.50
411 38.98 16.30 71.85 79.00 34.14
412 38.77 43.24 81.75 90.17 42.85
413 38.84 74.47 98.15 143.71 45.90
414 38.91 5.26 11.90 16.92 8.74
415 38.98 8.36 36.30 38.05 22.90
416 39.12 28.30 74.38 82.56 36.92
417 39.15 93.93 16.76 26.18 8.08
418 39.09 60.21 107.26 135.93 53.35
419 39.15 32.64 72.70 82.70 36.45
420 39.33 64.78 101.14 134.28 50.07
421 39.23 69.84 102.98 140.45 49.27
422 39.23 54.70 102.05 128.17 56.16
423 39.15 39.13 77.03 94.91 41.31
424 39.23 47.11 87.91 103.00 47.28
425 39.37 12.63 62.97 76.77 33.42
426 39.46 57.53 103.54 130.49 52.71
427 39.56 90.68 52.53 67.98 27.46
428 39.65 49.88 97.38 111.75 48.30
429 39.66 24.84 78.18 87.96 37.42
430 39.92 67.11 107.36 142.93 49.62
431 40.04 20.50 67.75 78.57 32.00
432 39.99 36.13 74.20 90.11 37.98
433 40.00 72.35 97.28 138.50 46.31
434 39.77 40.19 68.85 88.62 36.50
435 40.15 83.58 76.54 108.76 33.97
436 40.18 52.65 99.73 122.21 49.45
437 40.36 75.77 85.72 133.43 38.75
438 40.30 42.65 75.23 95.75 40.22
439 40.43 9.46 47.73 58.29 26.46
440 40.45 79.67 73.70 120.19 38.03
441 40.43 61.79 106.60 145.13 50.11
442 40.60 15.73 63.11 80.04 30.16
443 40.70 30.34 67.35 82.95 33.03
444 40.70 46.09 80.18 105.33 43.32
445 40.62 5.94 15.62 22.95 11.83
446 40.74 55.44 91.12 124.89 50.08
447 40.84 87.85 68.71 104.23 30.41
448 40.80 58.88 99.55 139.08 49.21
449 40.78 95.19 10.46 19.95 4.49
450 41.09 91.60 40.17 60.53 21.46
451 41.05 68.86 89.34 134.66 42.70
452 41.05 64.67 99.41 140.34 46.64
453 41.02 25.78 67.27 86.35 33.01
454 41.26 34.93 66.90 90.42 34.63
455 41.43 39.22 66.89 90.63 35.02
456 41.48 12.02 54.51 70.18 27.64
457 41.27 51.04 93.23 127.43 47.77
458 41.51 48.30 87.74 114.43 44.74
459 41.53 72.39 86.15 127.14 39.58
460 41.57 77.00 89.72 150.65 44.70
461 41.78 21.05 66.83 81.34 31.05
462 41.71 84.60 75.76 128.08 33.40
463 41.71 43.15 73.69 102.96 37.78
464 42.14 81.69 71.41 117.28 33.09
465 41.99 7.71 29.09 39.24 19.50
466 41.97 93.91 20.25 31.85 9.77
467 42.05 53.38 90.18 129.55 48.39
468 41.89 56.91 97.98 137.45 48.66
469 41.96 60.89 97.04 142.21 45.15
470 42.25 17.74 66.77 88.42 31.25
471 42.28 4.46 8.30 16.30 5.92
472 42.29 30.63 64.71 88.98 33.32
473 42.37 67.01 94.96 149.30 46.20
474 42.27 25.13 70.77 93.42 32.09
475 42.50 34.44 68.46 102.09 34.91
476 42.45 63.66 97.59 144.25 45.03
477 42.55 87.26 71.91 122.02 31.48
478 42.69 78.53 76.62 144.05 37.18
479 42.66 45.71 79.63 114.51 42.11
480 42.80 69.79 88.70 143.05 40.03
481 42.90 75.13 82.31 138.40 37.97
482 42.78 13.45 63.10 94.40 30.32
483 42.81 50.69 88.74 117.64 44.14
484 42.96 90.71 48.79 68.24 22.29
485 43.00 41.94 68.95 101.97 35.81
486 43.04 58.46 91.04 144.97 46.19
487 43.24 38.33 59.16 94.51 33.38
488 43.05 55.22 87.72 131.11 44.65
489 43.35 10.13 48.08 70.90 24.16
490 42.91 95.42 9.18 21.03 3.95
491 43.41 28.43 64.71 90.72 30.75
492 43.29 72.43 86.10 153.84 40.46
493 43.62 6.64 22.36 34.97 15.47
494 43.54 23.90 67.21 97.25 30.30
495 43.70 19.90 56.76 85.53 28.20
496 43.56 47.92 83.03 122.74 41.79
497 43.71 84.81 66.73 129.60 30.91
498 43.59 61.17 94.61 150.01 45.61
499 43.66 65.52 90.22 157.23 43.23
500 43.73 16.15 54.82 91.86 30.32
501 43.88 93.70 20.21 37.26 11.10
502 43.88 79.73 74.53 144.65 37.12
503 43.91 33.85 57.71 92.09 30.49
504 44.58 81.99 66.03 133.53 30.75
505 44.30 52.98 84.70 123.84 40.70
506 44.33 88.09 54.96 105.44 28.60
507 44.34 67.95 80.96 143.83 37.42
508 44.31 63.32 86.63 156.89 42.36
509 44.41 3.93 7.31 17.03 5.26
510 44.30 50.47 82.40 130.78 42.46
511 44.32 55.78 79.93 138.47 41.58
512 44.61 76.80 71.50 144.68 33.78
513 44.47 45.31 71.37 110.38 35.93
514 44.53 58.76 85.03 139.28 41.18
515 44.73 70.64 80.41 146.29 38.55
516 44.93 13.46 50.85 84.80 24.95
517 44.60 41.61 62.12 102.33 34.32
518 44.74 73.78 81.11 157.90 37.84
519 44.35 96.39 5.36 16.88 2.52
520 44.80 37.77 61.77 102.83 32.03
521 45.02 91.57 38.96 72.23 20.49
522 44.97 28.37 61.19 91.52 29.27
523 45.26 31.96 57.70 98.42 31.02
524 45.11 10.14 42.07 74.53 22.31
525 44.90 24.19 61.66 102.43 30.52
526 45.46 17.07 51.40 96.83 26.85
527 45.50 6.51 20.52 35.45 14.00
528 45.35 95.40 10.22 23.82 4.39
529 45.34 48.55 74.52 119.73 36.85
530 45.62 20.79 52.79 92.71 26.43
531 45.56 84.70 56.92 124.29 26.95
532 45.62 65.10 75.89 148.43 36.90
533 45.59 62.12 80.79 144.98 39.28
534 45.61 78.30 77.75 118.60 29.42
535 45.92 35.68 60.19 100.40 28.83
536 45.72 54.56 76.93 140.01 38.19
537 45.95 56.91 76.20 140.86 40.94
538 45.88 59.39 79.83 155.91 41.31
539 45.91 42.77 63.56 112.05 32.22
540 46.00 67.95 73.15 149.10 34.46
541 46.05 52.01 74.15 131.52 38.30
542 46.06 88.97 47.55 109.23 24.80
543 46.00 4.24 8.44 18.86 6.10
544 46.30 71.22 80.52 154.90 35.02
545 46.25 80.67 61.47 139.25 29.24
546 46.29 46.07 69.21 117.28 34.73
547 46.22 74.59 73.57 152.94 35.16
548 46.34 25.02 53.53 101.22 27.39
549 46.64 39.04 60.36 104.40 29.50
550 46.90 93.71 18.94 41.33 10.11
551 46.69 9.66 36.93 70.23 20.05
552 46.80 29.15 52.39 97.91 27.36
553 46.98 14.09 44.85 87.09 22.78
554 46.94 32.85 56.60 105.21 30.07
555 46.80 49.25 69.75 126.68 35.94
556 46.66 77.00 95.41 145.00 36.52
557 47.01 86.37 53.50 123.33 26.11
558 46.79 3.62 6.06 17.04 4.31
559 47.04 60.39 72.84 150.78 36.70
560 47.20 17.91 47.50 97.26 25.59
561 47.54 62.69 67.27 143.96 34.22
562 47.21 65.57 73.76 152.92 34.86
563 47.40 91.01 39.88 89.47 21.24
564 47.35 21.87 52.06 101.79 26.15
565 47.55 83.13 52.50 130.29 27.08
566 47.36 54.80 68.18 138.24 36.88
567 47.42 42.42 58.27 105.16 30.35
568 47.61 69.04 70.02 150.07 32.37
569 47.63 78.94 56.11 148.43 28.97
570 47.92 4.93 12.17 24.75 8.49
571 47.84 57.64 71.28 141.09 34.44
572 47.64 51.68 64.11 139.91 35.37
573 47.86 72.33 71.17 150.06 32.05
574 47.80 75.20 63.23 155.24 31.75
575 47.58 97.30 4.04 15.14 1.69
576 47.98 35.02 51.01 99.49 27.09
577 47.86 25.83 51.39 104.28 24.99
578 47.77 46.09 62.47 117.11 32.91
579 48.09 11.34 42.11 90.07 22.11
580 48.42 7.66 25.29 52.45 17.05
581 48.40 38.43 52.20 111.72 26.93
582 48.34 48.90 65.75 127.54 33.64
583 48.50 88.33 41.15 108.94 21.26
584 48.60 30.11 49.66 101.97 25.84
585 48.53 96.02 8.20 24.02 4.03
586 48.80 16.61 47.33 104.09 23.86
587 48.71 66.60 64.88 149.32 30.92
588 48.77 20.88 45.44 98.80 23.85
589 48.82 60.26 63.88 144.94 32.21
590 48.55 42.99 53.80 114.18 28.41
591 48.85 52.54 64.40 132.67 33.42
592 49.06 92.80 20.67 54.56 12.99
593 49.06 76.62 55.76 147.23 27.97
594 49.06 63.55 64.78 144.95 30.79
595 49.12 80.58 52.25 136.33 27.18
596 49.15 84.04 50.46 134.93 25.00
597 48.84 98.26 2.54 11.55 1.07
598 49.14 55.20 62.83 139.29 33.33
599 49.02 44.26 56.38 124.19 28.54
600 49.17 70.11 67.64 162.16 31.45
601 49.48 13.55 42.52 99.30 23.48
602 49.23 25.66 49.74 108.83 25.32
603 49.45 40.46 55.92 117.87 27.57
604 49.54 46.63 60.55 128.23 31.54
605 49.62 57.56 65.21 142.08 30.65
606 49.82 32.34 49.79 101.03 24.79
607 49.92 36.00 45.59 107.54 25.57
608 49.71 72.69 56.68 152.25 28.86
609 49.96 10.52 36.39 84.87 20.22
610 49.87 49.51 60.21 130.88 31.46
611 50.06 89.94 35.17 100.09 19.31
612 49.82 97.52 3.58 13.31 1.40
613 50.28 19.27 46.12 104.11 23.57
614 50.31 67.95 59.29 149.43 27.91
615 50.32 86.22 41.52 121.07 21.81
616 50.42 6.74 20.77 48.32 13.75
617 50.33 61.40 59.60 140.12 29.28
618 50.34 78.27 55.55 150.78 26.88
619 50.44 23.18 44.57 101.94 23.55
620 50.48 27.70 45.70 106.08 23.19
621 50.40 52.22 63.74 136.47 30.93
622 50.50 64.97 61.04 148.77 28.37
623 50.59 95.00 8.55 29.16 5.19
624 50.63 43.27 49.92 112.24 27.38
625 50.73 74.89 52.88 149.93 27.50
626 50.99 15.98 45.11 106.42 22.73
627 50.85 54.84 63.31 140.71 31.09
628 50.93 81.81 45.86 134.16 23.09
629 51.00 57.98 61.43 138.20 28.40
630 50.83 39.28 50.19 112.81 26.00
631 50.74 98.24 2.72 12.35 1.33
632 51.30 70.67 53.88 145.99 26.51
633 51.33 46.32 51.61 120.64 26.04
634 51.57 92.31 19.63 64.92 12.63
635 51.50 30.89 47.63 107.40 23.75
636 51.33 49.36 56.37 138.74 29.06
637 51.76 12.75 38.19 94.64 20.55
638 51.60 35.16 45.53 107.36 23.71
639 51.72 9.34 32.30 78.83 16.85
640 51.72 88.89 35.84 106.86 18.82
641 51.16 22.03 0.00 0.00 0.00
642 52.03 84.85 41.60 128.59 21.22
643 52.15 63.21 56.20 138.82 25.83
644 51.79 60.49 58.76 148.98 27.17
645 51.60 97.65 3.43 14.02 1.41
646 51.88 78.35 49.25 140.71 24.64
647 52.18 19.69 41.79 98.20 21.73
648 51.94 66.19 52.01 145.81 27.76
649 52.02 5.62 16.07 39.64 11.19
650 51.98 26.91 48.43 117.84 24.43
651 52.24 23.37 46.61 108.48 22.22
652 52.14 39.85 45.75 112.57 23.87
653 52.19 73.77 51.84 146.27 25.34
654 52.26 50.98 53.85 127.22 26.77
655 52.27 54.21 58.98 137.98 28.06
656 52.67 94.57 8.92 32.32 5.83
657 52.50 43.61 46.81 119.89 24.30
658 52.68 68.53 51.36 158.74 26.41
659 52.65 57.28 55.81 135.30 26.57
660 52.80 16.66 40.75 105.63 20.09
661 52.81 81.96 46.19 139.12 23.45
662 52.61 97.69 2.68 13.70 1.24
663 52.88 47.06 48.61 126.39 25.01
664 53.00 32.48 44.82 111.83 23.41
665 53.22 75.94 48.80 146.08 24.90
666 53.42 36.59 41.07 104.04 21.30
667 53.36 70.72 49.94 151.31 24.55
668 53.26 87.35 36.77 123.05 19.06
669 53.34 27.49 46.93 108.57 22.46
670 53.17 60.22 54.94 152.69 26.37
671 53.47 5.26 12.81 38.66 9.29
672 53.40 9.41 28.36 77.51 16.55
673 53.58 90.86 23.44 74.17 13.77
674 53.48 13.63 36.35 103.87 19.55
675 53.57 79.03 50.71 150.84 24.58
676 53.56 51.96 56.74 138.40 27.06
677 53.63 65.49 50.20 135.44 24.14
678 53.66 40.52 41.74 111.68 22.05
679 53.73 22.24 46.78 115.43 22.04
680 53.91 55.16 55.21 140.96 26.32
681 53.90 96.67 4.31 19.44 1.98
682 53.96 48.57 49.62 129.73 26.72
683 54.21 72.74 46.63 149.36 24.14
684 54.17 84.51 38.18 137.05 21.68
685 54.38 44.92 40.39 112.57 22.21
686 54.31 62.05 50.95 142.32 23.84
687 54.40 29.96 42.12 114.11 21.92
688 54.36 58.30 56.68 141.62 26.00
689 54.87 19.99 37.70 100.08 18.69
690 54.65 33.50 40.77 117.76 23.06
691 54.59 93.96 10.22 40.03 6.82
692 54.80 25.17 39.71 111.30 20.10
693 54.72 11.50 34.15 103.45 17.34
694 54.93 81.48 43.84 132.80 21.23
695 54.89 69.08 46.21 140.46 23.01
696 54.94 75.26 46.51 152.13 23.50
697 55.01 7.45 21.77 63.36 13.87
698 55.07 40.86 39.65 105.41 20.84
699 54.98 52.53 53.53 147.59 25.45
700 55.36 87.76 33.77 108.53 16.47
701 55.51 4.54 8.97 27.50 7.27
702 55.13 78.23 46.12 159.45 23.22
703 55.22 49.39 50.91 141.17 24.17
704 55.19 65.92 46.80 148.00 22.86
705 55.50 91.14 22.80 80.63 13.45
706 55.53 35.92 37.84 110.78 20.56
707 55.54 55.25 51.26 147.02 24.22
708 55.66 62.95 49.86 147.32 23.29
709 55.75 58.74 49.20 137.55 23.01
710 55.88 27.98 41.23 116.93 21.00
711 55.98 13.13 33.12 103.88 18.26
712 56.03 71.66 43.12 139.17 20.87
713 56.05 84.45 37.67 124.83 18.58
714 55.94 45.16 38.67 124.54 21.86
715 56.37 31.34 40.68 111.58 19.32
716 56.26 23.66 36.62 112.82 19.34
717 56.45 8.64 23.62 67.35 13.06
718 56.38 38.41 43.56 123.59 19.94
719 56.45 74.82 41.70 144.95 21.41
720 56.64 78.39 39.40 136.66 20.77
721 56.53 52.31 48.14 139.36 24.26
722 56.69 19.19 32.80 106.14 17.30
723 56.85 68.61 44.01 137.69 21.14
724 56.68 48.59 43.52 132.01 23.45
725 56.79 60.87 48.78 137.13 21.87
726 56.98 41.88 37.30 111.55 20.11
727 56.73 65.34 41.05 141.16 20.48
728 56.96 81.21 42.92 145.74 19.81
729 57.11 93.81 8.63 35.46 5.73
730 57.03 4.46 7.81 26.82 5.26
731 57.15 15.45 34.28 104.08 17.74
732 56.90 55.92 47.22 153.95 22.71
733 57.14 90.52 22.34 83.00 12.75
734 57.33 34.20 39.73 112.55 18.40
735 57.52 87.56 28.90 118.58 16.21
736 57.57 11.38 30.53 98.55 15.10
737 57.46 27.15 37.03 113.83 18.47
738 57.43 44.65 37.69 118.92 20.39
739 57.72 22.60 37.37 113.82 18.81
740 57.80 84.64 34.62 126.89 17.38
741 57.89 58.06 43.01 135.11 22.39
742 57.68 72.67 44.91 148.66 20.76
743 57.88 63.58 41.34 144.27 19.61
744 57.82 45.93 39.17 127.55 20.73
745 57.89 38.21 39.00 111.58 18.40
746 57.99 51.05 45.60 142.71 23.16
747 57.99 76.23 39.88 142.85 19.06
748 57.93 96.08 3.75 18.37 1.63
749 58.13 6.87 14.58 51.25 10.67
750 58.04 54.39 45.91 157.98 22.27
751 58.26 30.69 38.50 115.23 18.21
752 58.41 47.98 41.50 127.57 21.64
753 58.48 66.91 40.40 141.93 19.47
754 58.59 60.86 48.29 144.45 21.32
755 58.58 70.36 41.67 147.19 19.74
756 58.44 81.54 38.66 138.54 17.52
757 58.60 16.98 33.94 110.62 16.50
758 59.17 19.81 32.17 106.56 16.66
759 59.00 78.43 38.14 137.91 18.63
760 58.59 43.51 33.16 125.22 19.61
761 58.90 41.87 39.49 113.13 19.55
762 58.90 93.75 7.27 34.12 4.93
763 59.00 13.46 30.72 108.08 15.54
764 58.92 90.33 18.85 69.48 11.00
765 59.14 27.30 37.02 111.16 17.26
766 58.98 34.57 34.80 116.62 17.34
767 59.18 9.82 23.41 83.36 12.74
768 59.25 23.36 37.24 121.57 17.31
769 59.21 73.96 41.77 150.87 19.46
770 59.36 39.01 35.81 124.57 19.12
771 59.22 53.23 46.68 156.68 22.42
772 59.48 87.21 27.76 111.78 13.84
773 59.60 56.17 43.81 144.64 20.77
774 59.46 64.27 44.05 145.96 19.53
775 59.82 5.41 8.20 29.53 5.83
776 59.76 45.23 39.29 124.20 19.32
777 59.81 58.89 42.94 145.90 19.42
778 59.93 51.00 45.57 152.19 21.52
779 59.86 83.08 33.99 128.11 16.14
780 59.87 48.39 44.14 146.72 20.87
781 59.92 68.62 39.84 145.29 18.30
782 60.14 31.29 32.74 112.02 16.21
783 60.46 61.72 43.41 143.49 19.91
784 60.01 80.24 34.12 144.60 17.09
785 60.14 14.66 28.97 109.94 15.19
786 60.54 75.93 37.85 133.16 17.52
787 60.48 72.03 37.96 142.92 19.47
788 60.44 36.19 34.63 115.14 17.00
789 60.00 93.76 6.05 27.88 3.37
790 60.61 25.20 35.72 122.20 16.97
791 60.65 15.62 30.59 108.65 15.13
792 60.42 41.16 33.21 119.70 19.32
793 60.70 8.63 19.52 67.78 10.55
794 60.73 91.91 11.81 46.20 7.21
795 61.05 11.74 27.40 97.96 13.42
796 60.35 95.22 4.00 18.28 1.82
797 60.89 65.50 42.20 138.95 18.54
798 60.83 53.17 48.70 145.28 21.59
799 60.63 79.32 37.91 138.60 17.73
800 61.17 18.12 26.45 106.14 14.91
801 60.90 85.20 30.69 124.84 15.73
802 61.04 21.74 31.10 117.04 16.30
803 61.32 28.17 33.04 111.90 16.75
804 61.31 58.21 44.53 144.03 19.60
805 61.43 43.86 36.99 119.87 18.64
806 61.33 48.66 42.39 133.66 19.24
807 61.50 88.39 21.80 89.50 11.66
808 61.61 55.53 47.78 150.07 19.65
809 61.50 68.40 42.77 148.44 18.36
810 61.68 6.03 9.47 32.81 6.05
811 61.74 34.66 30.38 112.34 15.65
812 62.01 82.14 31.62 118.73 15.26
813 61.85 39.10 34.39 122.48 17.86
814 61.79 78.48 34.68 141.54 16.46
815 62.14 73.66 36.47 142.64 18.62
816 61.96 61.16 46.12 158.58 19.69
817 61.97 96.10 2.04 13.63 0.83
818 62.19 70.85 39.63 145.54 17.59
819 62.26 31.18 35.56 125.91 16.73
820 62.42 63.54 44.65 151.13 18.44
821 62.25 14.78 26.01 102.52 13.93
822 62.23 51.36 43.83 147.26 19.65
823 62.44 91.16 12.36 53.48 7.41
824 62.67 24.28 28.90 110.81 15.12
825 62.28 94.07 4.58 24.63 2.36
826 62.70 20.53 27.82 111.62 15.05
827 62.62 45.15 41.21 135.32 17.49
828 62.63 10.25 20.19 79.04 11.10
829 62.83 85.40 25.48 106.04 12.85
830 62.78 66.25 42.55 151.88 16.97
831 62.87 76.16 36.18 143.96 17.19
832 62.93 48.69 43.65 145.09 19.06
833 62.88 53.86 47.64 154.06 19.59
834 62.90 59.25 42.28 155.30 19.06
835 63.08 28.15 32.64 119.77 16.15
836 63.30 41.13 35.02 123.88 16.54
837 63.28 6.12 7.04 31.79 4.81
838 63.37 37.46 34.98 125.79 16.63
839 63.33 79.66 33.07 134.73 16.23
840 63.46 17.36 26.16 109.71 14.10
841 63.45 56.34 44.98 155.57 18.75
842 63.45 33.38 32.68 118.02 15.93
843 63.93 92.69 5.47 28.17 3.40
844 63.59 68.84 41.81 149.34 17.18
845 63.47 95.01 2.26 16.62 1.08
846 63.95 13.24 24.44 99.64 12.75
847 63.98 71.66 38.41 145.52 16.85
848 63.92 46.47 38.23 142.93 18.02
849 63.96 51.42 42.49 149.15 18.31
850 64.22 61.90 42.04 143.33 17.43
851 64.28 74.42 33.52 142.97 17.33
852 64.09 83.02 28.77 122.82 13.93
853 64.16 9.40 16.79 74.29 9.80
854 64.40 43.33 35.20 132.80 17.04
855 64.34 65.35 43.40 148.01 17.27
856 64.49 26.41 29.96 117.21 14.38
857 64.31 58.65 43.71 155.58 18.27
858 64.45 22.40 27.41 110.93 14.64
859 65.02 29.86 28.72 104.91 14.50
860 64.71 77.36 31.19 134.79 15.48
861 64.45 95.17 2.41 14.59 1.00
862 64.69 53.95 43.99 157.01 18.45
863 64.76 48.83 42.62 151.46 18.07
864 64.83 86.66 21.23 100.14 11.40
865 64.96 19.16 30.34 112.16 13.61
866 65.04 4.85 4.22 20.33 2.55
867 64.94 34.06 32.00 121.02 15.06
868 65.10 37.86 32.89 124.33 14.84
869 65.15 15.53 24.51 106.30 12.26
870 65.08 80.46 31.86 136.07 14.43
871 65.20 68.61 39.92 149.29 16.66
872 65.47 41.08 33.54 126.35 16.33
873 65.54 56.20 46.47 148.44 17.74
874 65.62 7.52 10.33 40.72 6.73
875 65.26 93.50 3.31 20.04 1.85
876 65.82 11.02 18.72 77.77 10.15
877 65.74 71.90 35.36 141.94 16.16
878 65.69 45.78 36.86 136.96 16.72
879 65.89 83.62 23.73 108.86 12.18
880 65.68 63.63 39.50 159.42 17.20
881 65.72 90.60 8.72 43.04 5.36
882 65.87 24.55 29.08 118.91 14.01
883 66.04 51.92 44.69 151.91 17.57
884 65.75 59.18 40.68 143.08 17.15
885 66.05 75.49 36.15 143.14 15.51
886 66.11 49.43 38.71 157.15 17.63
887 66.32 66.50 40.75 157.20 16.36
888 66.71 20.74 25.59 112.34 13.52
889 66.33 34.92 34.00 125.84 15.59
890 66.60 87.19 17.77 76.14 9.18
891 66.63 14.02 23.96 115.64 11.55
892 66.67 30.78 28.90 118.20 14.44
893 66.55 79.15 29.51 125.65 13.79
894 66.72 53.89 42.95 157.52 17.23
895 66.68 61.48 43.07 159.07 16.91
896 66.86 17.32 23.95 111.71 12.50
897 66.42 4.87 2.80 18.91 1.65
898 66.75 92.64 3.92 21.33 1.98
899 66.77 42.59 31.59 130.72 15.29
900 67.04 38.55 31.27 122.11 14.31
901 67.36 27.38 27.74 109.92 13.42
902 67.01 69.46 38.27 151.72 15.42
903 67.27 8.00 9.11 38.89 6.00
904 67.31 45.48 37.12 142.02 16.32
905 67.20 73.66 38.08 154.73 15.50
906 67.47 55.74 40.04 156.55 16.42
907 67.39 58.36 39.33 156.26 16.99
908 67.55 81.88 25.53 117.54 12.07
909 67.22 5.47 3.87 19.92 2.45
910 67.50 23.56 29.76 122.77 13.60
911 67.64 64.06 40.94 147.56 15.59
912 67.52 48.57 39.39 142.57 16.84
913 67.73 11.42 19.24 79.09 9.52
914 67.95 76.27 33.58 125.74 14.55
915 67.95 84.91 21.58 104.27 10.41
916 67.91 90.14 7.13 36.23 4.23
917 67.77 34.33 30.33 121.36 14.03
918 68.09 51.85 40.41 133.18 15.42
919 68.31 67.56 34.57 147.14 14.77
920 68.20 71.71 35.99 147.15 15.27
921 68.18 60.51 41.56 159.13 16.58
922 68.37 15.23 21.85 103.94 11.46
923 68.34 41.52 33.46 128.34 14.36
924 68.48 30.69 27.52 125.06 13.75
925 68.65 18.94 24.40 104.27 12.63
926 68.52 79.17 31.62 138.47 12.43
927 68.38 92.79 2.93 16.53 1.08
928 68.87 8.53 9.61 43.24 5.69
929 68.79 45.07 32.89 136.56 14.08
930 68.88 24.47 28.90 118.65 12.72
931 69.02 48.51 37.74 144.29 15.27
932 69.09 86.96 15.74 67.17 8.07
933 68.99 55.32 39.50 138.68 14.58
934 69.14 64.85 38.33 155.91 14.47
935 69.47 27.94 28.02 125.92 12.78
936 69.41 58.26 39.09 150.47 15.59
937 69.39 61.75 41.96 155.21 15.59
938 69.73 74.10 33.48 126.70 14.02
939 69.49 11.64 16.00 76.32 8.56
940 69.38 33.58 27.88 125.70 13.42
941 69.58 81.84 24.11 107.42 11.08
942 69.59 70.65 33.01 149.41 14.31
943 69.89 21.54 25.48 115.15 12.31
944 69.73 50.80 40.08 145.59 14.98
945 69.48 91.83 3.12 18.28 1.36
946 69.83 77.78 28.05 131.28 12.64
947 69.99 6.98 4.58 24.16 2.92
948 69.99 15.25 22.57 102.29 11.00
949 70.16 42.28 29.95 120.86 12.92
950 70.20 53.39 40.85 154.59 14.55
951 70.24 67.95 37.50 151.11 14.48
952 70.25 45.71 31.42 140.15 13.84
953 70.34 35.85 30.40 133.71 13.14
954 70.33 88.56 8.26 39.13 4.65
955 70.56 84.48 19.13 89.51 9.71
956 70.77 38.65 28.58 121.96 12.61
957 70.71 30.28 25.77 112.11 12.08
958 70.59 25.36 28.69 124.88 11.98
959 70.72 18.74 22.14 115.78 11.77
960 70.59 65.27 38.91 161.17 14.10
961 70.74 90.88 3.97 20.64 1.65
962 70.81 56.09 39.92 150.08 14.45
963 70.89 59.36 38.47 152.46 13.83
964 70.99 62.40 37.51 146.72 14.45
965 71.17 47.90 34.29 130.91 13.66
966 71.08 12.14 15.68 69.25 7.88
967 71.34 70.06 31.37 135.26 13.28
968 71.21 76.96 27.60 139.46 13.08
969 71.49 80.63 24.31 113.60 10.63
970 71.49 51.45 36.93 136.30 13.46
971 71.55 8.26 5.15 28.90 3.80
972 71.55 33.37 28.15 124.92 11.87
973 71.63 73.80 29.27 140.31 12.78
974 71.71 23.15 27.04 112.08 11.87
975 71.80 16.37 21.13 102.23 10.40
976 71.60 44.12 27.55 125.65 12.25
977 72.07 39.84 28.26 115.69 12.72
978 72.09 27.34 26.16 115.13 12.01
979 72.03 65.55 31.97 137.76 13.17
980 72.23 54.28 40.84 147.00 13.89
981 72.50 20.18 22.62 113.69 10.96
982 72.44 57.64 37.82 148.83 13.55
983 72.48 60.94 36.10 146.91 14.25
984 72.75 83.15 19.13 87.41 8.86
985 72.66 10.76 12.17 52.63 6.54
986 72.76 35.46 27.57 116.51 11.36
987 72.61 49.12 34.88 138.56 12.42
988 72.37 43.52 31.68 126.74 12.97
989 72.69 71.12 30.54 145.08 12.36
990 72.61 90.14 3.44 18.01 1.32
991 72.98 14.22 17.52 90.23 8.50
992 72.97 31.11 26.79 115.25 11.89
993 72.84 77.70 26.84 118.93 11.34
994 73.11 45.78 29.35 131.79 11.70
995 73.28 67.48 33.41 137.77 12.92
996 73.41 8.30 4.06 23.67 2.99
997 73.39 63.73 36.29 147.48 13.47
998 73.32 86.71 8.75 42.06 4.65
999 73.55 74.29 27.02 133.31 11.50
1000 73.45 41.45 27.97 127.01 12.02
1001 73.57 23.69 23.24 116.71 10.85
1002 73.80 51.62 34.14 131.14 12.52
1003 73.76 17.59 20.63 109.08 9.86
1004 73.67 55.12 35.22 147.01 12.64
1005 73.67 27.31 27.26 123.89 11.55
1006 73.61 90.48 2.73 15.20 0.99
1007 73.97 37.75 27.07 119.87 11.18
1008 73.91 81.09 22.31 108.03 9.96
1009 73.92 59.20 34.09 150.68 12.77
1010 74.12 70.09 31.16 159.41 12.52
1011 74.29 48.20 32.09 135.76 12.08
1012 74.44 20.75 22.32 113.81 11.22
1013 74.45 12.09 12.14 53.63 7.30
1014 74.68 33.80 26.15 111.54 10.67
1015 74.58 78.01 24.73 124.47 11.12
1016 74.78 89.50 2.75 16.52 0.97
1017 74.57 44.08 29.42 132.21 11.73
1018 74.69 29.95 25.86 122.72 11.62
1019 74.93 15.18 18.00 90.62 8.79
1020 74.88 61.84 34.49 147.15 12.68
1021 74.95 9.32 4.56 24.69 3.25
1022 74.80 64.87 34.62 146.72 12.52
1023 74.89 87.20 5.64 28.06 2.41
1024 75.01 84.69 11.49 53.06 5.72
1025 75.01 56.76 35.92 148.68 12.97
1026 74.92 72.30 29.34 144.96 11.70
1027 75.16 53.71 31.26 142.30 13.38
1028 75.27 67.90 32.05 133.77 12.61
1029 75.22 40.52 29.35 128.56 10.79
1030 75.18 25.74 21.55 108.16 11.35
1031 75.47 75.21 29.13 135.81 11.14
1032 75.70 80.87 20.88 98.28 8.99
1033 75.76 36.76 27.30 121.12 11.40
1034 75.70 48.41 31.97 131.53 11.76
1035 75.98 18.60 20.88 101.61 9.62
1036 75.88 59.45 32.99 147.92 12.95
1037 75.99 44.24 30.99 119.18 10.96
1038 76.09 22.09 20.47 109.53 10.01
1039 76.25 51.80 32.97 136.65 11.01
1040 76.31 29.62 23.74 113.70 10.49
1041 76.27 11.43 7.25 39.21 4.46
1042 75.95 88.02 3.33 18.67 1.26
1043 76.40 64.46 32.23 136.31 11.49
1044 76.32 71.69 29.83 140.83 11.98
1045 76.63 77.92 22.76 121.89 9.85
1046 76.50 15.15 18.03 78.45 7.83
1047 76.76 32.71 24.81 117.95 11.18
1048 76.52 84.30 8.67 43.68 4.74
1049 76.62 56.32 29.05 143.08 11.84
1050 76.68 25.60 22.11 122.79 10.17
1051 76.85 68.41 27.36 145.04 11.83
1052 77.00 39.79 28.59 111.89 10.22
1053 77.14 61.48 30.76 146.56 12.28
1054 77.01 87.40 3.16 20.17 1.09
1055 77.26 74.77 26.05 133.07 10.88
1056 77.15 48.51 32.51 137.10 11.49
1057 77.31 35.77 24.03 126.17 10.85
1058 77.34 44.72 29.39 123.48 10.46
1059 77.66 81.22 15.24 76.35 7.25
1060 77.63 54.14 30.52 140.66 11.61
1061 77.69 58.75 30.61 143.50 11.86
1062 77.80 20.06 18.86 106.40 9.47
1063 77.89 12.63 7.67 38.87 5.05
1064 77.97 16.57 15.07 82.78 8.01
1065 77.90 23.24 20.85 110.63 10.57
1066 78.00 26.95 23.61 125.88 10.70
1067 78.03 50.82 31.33 138.25 11.08
1068 77.91 66.18 28.67 152.36 11.45
1069 77.92 71.32 26.33 140.53 11.30
1070 78.40 85.57 4.16 25.32 1.86
1071 78.40 30.06 24.00 115.03 10.42
1072 78.40 63.39 28.77 144.41 10.85
1073 78.56 41.77 23.62 108.87 10.12
1074 78.52 77.76 20.45 105.07 8.77
1075 78.63 33.28 23.90 119.85 10.36
1076 78.73 37.64 23.26 103.02 10.00
1077 78.75 46.97 25.48 116.07 10.36
1078 78.86 56.80 31.31 140.85 11.49
1079 78.91 68.46 26.90 144.49 11.01
1080 78.86 74.22 24.49 139.03 9.69
1081 79.13 60.53 26.80 143.65 10.63
1082 79.11 53.35 27.94 141.70 11.25
1083 79.14 83.24 6.53 41.09 3.88
1084 79.36 18.99 16.21 94.47 7.90
1085 79.40 23.54 19.20 112.54 10.32
1086 79.55 15.63 11.22 60.49 5.78
1087 79.48 12.14 4.57 24.71 3.28
1088 79.81 80.58 12.69 65.16 6.22
1089 79.63 27.31 23.19 113.51 10.03
1090 79.60 43.57 28.87 136.53 10.52
1091 79.65 50.16 27.98 136.14 10.43
1092 79.72 71.30 26.30 139.20 10.91
1093 79.89 65.93 28.24 139.50 10.91
1094 79.96 34.66 24.30 121.90 9.89
1095 80.26 30.93 23.12 114.63 9.94
1096 80.38 63.12 27.73 135.63 11.30
1097 80.18 75.55 21.06 121.71 9.44
1098 79.96 85.89 2.05 16.37 0.72
1099 80.57 38.92 23.58 110.74 9.31
1100 80.40 56.12 29.55 132.49 11.17
1101 80.42 59.38 28.99 143.40 10.80
1102 80.62 21.48 17.23 95.09 8.62
1103 80.53 46.18 27.22 122.80 10.49
1104 80.91 84.07 3.14 21.27 1.30
1105 80.84 68.99 25.82 133.29 9.86
1106 80.88 41.91 25.24 130.32 10.39
1107 80.78 53.14 29.81 130.38 10.43
1108 80.84 25.29 20.58 116.22 10.03
1109 80.86 14.32 6.90 37.60 4.24
1110 80.98 78.57 17.16 92.83 6.87
1111 81.15 35.76 24.92 137.38 10.12
1112 81.27 17.88 11.12 66.07 6.61
1113 81.12 49.75 27.71 126.39 9.83
1114 81.25 72.54 22.87 130.27 9.62
1115 81.65 28.46 22.70 113.77 9.67
1116 81.84 81.10 7.57 39.57 3.62
1117 81.84 61.18 27.78 138.90 11.17
1118 81.95 32.37 23.92 108.80 10.38
1119 81.96 64.38 26.06 139.06 10.50
1120 81.82 75.74 19.66 107.15 7.46
1121 81.91 58.33 29.65 150.64 10.80
1122 82.12 44.12 23.83 126.17 9.25
1123 82.06 47.46 24.35 138.35 9.82
1124 82.09 67.54 28.51 146.69 10.15
1125 82.19 21.01 15.59 96.59 8.30
1126 82.18 24.69 17.30 113.92 9.64
1127 82.58 55.79 27.97 130.84 10.20
1128 82.25 52.84 29.95 143.11 10.66
1129 82.40 40.08 24.43 121.13 9.39
1130 82.50 15.00 6.07 30.45 3.55
1131 82.57 36.07 24.21 115.83 9.32
1132 82.69 71.07 23.16 126.47 9.39
1133 83.06 50.43 24.02 126.12 9.35
1134 82.97 77.75 13.94 71.78 6.45
1135 83.23 18.42 9.96 58.83 5.69
1136 83.24 29.77 21.85 113.10 9.88
1137 83.42 74.15 20.88 108.75 7.72
1138 83.45 26.68 18.61 111.67 9.36
1139 83.44 80.69 6.02 34.13 2.65
1140 83.61 61.70 28.16 140.04 10.51
1141 83.51 22.96 14.67 99.13 8.08
1142 83.57 42.26 24.11 128.75 9.06
1143 83.56 64.78 27.28 147.94 10.23
1144 83.63 46.66 26.68 121.72 9.63
1145 83.73 58.58 28.10 139.88 10.63
1146 83.56 68.15 23.95 141.14 9.86
1147 84.06 32.09 22.67 121.52 10.03
1148 83.92 37.94 25.27 125.53 9.41
1149 84.12 53.67 27.16 133.72 10.12
1150 84.23 34.83 24.36 125.61 9.80
1151 84.56 71.53 21.71 118.74 8.71
1152 84.45 50.19 25.33 143.56 9.50
1153 84.47 77.37 12.37 67.78 5.36
1154 84.87 20.77 11.36 58.99 5.95
1155 84.75 81.22 3.43 21.69 1.20
1156 85.23 56.05 30.19 138.55 9.86
1157 84.91 44.19 24.84 127.94 8.81
1158 84.93 23.80 16.40 99.28 7.77
1159 85.06 40.60 23.14 131.70 9.13
1160 84.93 67.46 26.02 143.21 9.47
1161 85.07 17.82 6.58 35.62 3.81
1162 85.08 27.00 19.05 111.62 8.54
1163 85.07 63.96 28.38 139.57 9.76
1164 85.42 29.93 21.74 118.13 8.95
1165 85.34 47.74 24.23 142.42 9.42
1166 85.42 59.05 28.76 148.14 9.95
1167 85.57 75.00 14.75 65.80 6.04
1168 85.69 37.52 22.89 128.10 9.41
1169 85.81 78.86 6.04 30.86 2.23
1170 86.07 61.40 30.54 159.79 9.87
1171 85.84 33.93 21.59 112.46 8.85
1172 85.85 51.66 26.83 121.86 9.60
1173 86.10 70.10 21.78 116.25 7.82
1174 86.42 24.77 15.70 96.85 7.12
1175 86.46 42.99 22.53 124.99 9.54
1176 86.57 67.06 25.91 126.31 9.29
1177 86.47 19.03 5.44 33.09 3.58
1178 86.70 64.05 27.56 153.84 9.15
1179 86.96 21.98 10.18 58.15 5.49
1180 86.71 46.86 23.95 122.44 9.19
1181 86.74 72.96 18.44 96.41 6.59
1182 86.85 53.39 25.95 133.68 9.54
1183 86.89 30.98 20.83 119.70 8.94
1184 87.08 27.57 17.30 103.08 8.57
1185 87.14 39.72 23.00 135.77 9.48
1186 87.31 56.26 26.19 138.04 9.80
1187 87.25 59.30 26.90 142.28 10.28
1188 87.25 36.34 21.83 119.17 9.33
1189 87.55 75.94 7.90 45.27 3.74
1190 87.40 78.74 3.15 24.06 1.17
1191 87.80 49.99 23.41 122.76 9.53
1192 88.05 32.74 19.82 111.14 8.60
1193 88.30 68.85 19.09 107.55 7.40
1194 88.02 62.29 26.85 142.52 9.22
1195 88.19 42.17 23.79 133.24 9.14
1196 88.32 45.61 22.68 117.99 8.90
1197 88.34 65.66 26.06 134.04 8.86
1198 88.32 72.93 14.94 78.10 5.27
1199 88.35 23.97 9.84 55.95 5.16
1200 88.49 28.68 15.64 90.67 7.18
1201 88.55 53.94 27.73 143.81 9.13
1202 88.80 57.64 27.69 133.34 9.82
1203 88.89 35.62 23.45 136.12 9.19
1204 88.96 38.70 20.61 119.70 8.71
1205 89.45 61.27 26.29 133.17 8.92
1206 89.51 47.88 23.15 124.18 9.68
1207 89.54 51.13 26.89 138.64 9.63
1208 89.61 71.78 14.45 70.99 5.05
1209 89.69 24.88 9.62 58.17 4.99
1210 89.83 29.60 15.42 103.13 7.51
1211 89.85 33.27 20.61 114.53 8.41
1212 89.88 41.74 22.67 116.05 8.60
1213 90.09 64.73 22.64 121.85 7.95
1214 90.53 45.37 24.41 127.51 9.95
1215 90.28 54.17 24.69 136.74 9.62
1216 90.52 68.58 17.16 90.79 6.05
1217 90.56 57.53 24.04 128.70 9.00
1218 90.72 37.68 20.22 109.10 9.23
1219 91.01 72.92 6.10 35.62 2.52
1220 91.00 26.63 11.65 61.53 4.94
1221 91.12 60.34 24.58 128.89 8.07
1222 91.34 49.75 23.95 118.38 9.26
1223 91.44 33.71 18.00 96.66 7.50
1224 91.36 30.13 14.96 91.82 6.48
1225 91.56 41.66 20.83 119.30 8.70
1226 91.69 65.95 17.84 122.78 6.86
1227 92.01 62.70 21.52 124.50 7.28
1228 91.85 53.83 22.03 120.61 9.31
1229 92.17 45.61 24.73 122.49 9.30
1230 92.39 70.40 7.20 37.18 2.98
1231 92.44 38.30 18.08 121.54 7.63
1232 92.68 57.81 20.50 108.33 8.85
1233 92.91 35.32 17.93 107.31 6.83
1234 92.83 29.46 11.91 60.44 5.07
1235 93.08 66.93 12.81 66.25 4.92
1236 93.27 49.35 22.06 109.74 8.91
1237 93.25 41.84 20.35 111.56 8.21
1238 93.49 52.96 21.25 114.26 8.19
1239 93.74 33.06 13.10 73.09 5.85
1240 93.44 62.11 17.66 106.72 6.67
1241 94.06 45.97 21.82 108.24 8.08
1242 94.33 56.41 20.70 117.00 7.44
1243 94.39 38.23 16.74 92.61 7.20
1244 94.36 30.11 8.90 45.87 3.67
1245 94.75 64.91 9.31 51.05 3.61
1246 94.85 60.59 17.70 94.93 6.11
1247 94.98 42.36 17.65 99.03 7.13
1248 95.56 49.49 18.40 99.87 7.94
1249 95.52 53.23 19.32 100.55 7.07
1250 95.72 36.62 11.45 57.11 4.91
1251 96.06 45.79 16.49 99.55 6.27
1252 96.08 57.84 15.23 88.41 5.67
1253 96.67 41.05 12.81 68.38 5.15
1254 97.36 59.86 8.34 40.94 3.21
1255 97.47 54.85 12.54 64.57 4.77
1256 97.64 45.80 13.35 69.63 5.47
1257 97.82 50.65 12.41 69.17 4.85

