#<Embryo name> <Cleavage cycle> <Temporal class> <Genes>
ac17 13  - even-skipped caudal bicoid

#Quantitative data
#<Nucleus number> <A-P coordinate> <D-V coordinate> <Fluorescence intensity: channel 1 - eve, channel 2 - cad, channel 3 - bcd>
0 2.76 50.21 8.40 14.53 141.44
1 2.64 53.87 6.26 10.12 115.32
2 3.12 46.97 10.36 19.88 202.80
3 3.24 43.30 8.68 18.62 180.62
4 3.87 56.74 8.13 14.51 146.95
5 3.89 39.04 9.09 17.92 166.72
6 4.13 59.94 6.06 9.20 96.28
7 4.30 53.24 12.16 21.68 187.04
8 4.72 48.32 13.03 25.33 205.58
9 4.85 43.40 12.57 23.02 189.09
10 5.29 35.22 9.89 18.30 168.00
11 5.44 30.99 7.15 12.62 129.81
12 5.64 38.96 12.78 22.60 189.08
13 5.52 60.97 9.11 16.44 134.48
14 5.71 52.08 14.93 31.68 208.30
15 5.78 56.93 12.29 22.52 169.83
16 6.29 64.24 8.97 14.26 116.56
17 6.38 44.70 16.80 30.35 210.24
18 6.46 48.33 16.05 26.50 191.43
19 7.07 41.19 14.22 30.29 200.14
20 7.01 54.35 16.23 29.29 190.16
21 7.20 34.57 13.31 23.47 179.93
22 7.27 31.03 10.51 20.06 171.14
23 7.22 60.53 13.65 24.23 163.58
24 7.46 67.90 5.25 7.45 58.79
25 7.84 38.10 15.25 30.00 194.23
26 7.64 27.48 8.85 15.25 139.96
27 7.85 50.40 16.85 31.65 187.51
28 8.15 57.36 18.40 30.51 187.87
29 8.00 64.14 12.28 18.36 130.31
30 8.11 44.09 16.15 31.11 192.77
31 8.61 46.92 18.21 31.48 184.03
32 8.77 25.51 8.34 15.09 124.66
33 8.69 53.62 18.81 35.48 192.39
34 9.20 33.88 15.75 29.34 181.51
35 9.14 60.25 18.85 30.72 170.25
36 9.14 67.04 9.33 15.54 88.63
37 9.34 29.92 13.22 25.02 164.02
38 9.61 42.35 19.01 36.05 194.37
39 9.54 38.30 17.33 30.86 178.39
40 9.34 47.58 19.21 38.15 189.72
41 9.80 62.96 17.58 27.94 154.41
42 9.99 50.56 20.81 36.73 176.16
43 10.02 23.67 8.91 16.04 112.16
44 10.37 57.57 21.00 34.34 168.72
45 10.31 54.31 19.29 36.20 175.64
46 10.54 68.31 12.54 16.98 91.49
47 10.53 46.60 18.94 33.87 172.03
48 10.75 27.91 14.61 27.75 157.22
49 11.11 64.45 17.00 26.55 133.64
50 11.01 33.83 18.18 35.10 176.48
51 11.16 37.73 21.06 41.53 195.46
52 11.42 41.95 20.03 34.21 168.86
53 11.30 60.93 21.25 33.03 155.43
54 12.01 31.31 18.60 33.97 167.48
55 11.74 51.18 19.90 36.01 156.62
56 11.91 24.40 14.16 26.15 150.21
57 12.01 70.07 13.32 19.05 87.83
58 11.97 46.29 24.59 44.38 191.02
59 12.33 55.01 23.10 38.91 158.97
60 12.23 58.28 25.28 41.50 170.76
61 12.42 66.68 19.59 27.46 122.87
62 12.64 73.51 8.21 9.30 45.53
63 12.70 27.95 17.27 33.12 159.10
64 12.85 21.25 12.59 23.95 118.17
65 12.89 35.86 22.47 37.12 167.59
66 13.19 39.69 22.02 40.09 156.58
67 13.14 60.67 24.14 35.17 151.26
68 13.40 63.88 25.64 32.72 128.24
69 13.40 43.47 23.72 42.54 159.21
70 13.25 47.66 24.10 43.13 163.46
71 13.27 51.49 25.33 41.83 164.17
72 13.86 32.82 22.32 40.24 162.65
73 13.75 70.15 19.45 25.77 97.60
74 13.96 24.73 17.75 29.74 123.80
75 14.08 57.29 26.62 41.37 149.12
76 14.21 29.35 20.21 37.66 153.76
77 14.40 19.52 11.15 21.05 92.29
78 14.41 54.00 25.67 42.18 145.95
79 14.67 66.97 26.64 31.67 108.89
80 14.68 36.49 24.84 39.74 154.14
81 14.70 50.44 26.08 41.08 145.47
82 14.79 73.41 15.18 18.77 68.08
83 14.75 46.46 26.14 44.47 155.23
84 14.71 60.89 29.08 38.10 129.71
85 15.04 42.24 26.87 44.79 152.51
86 15.56 64.20 33.00 40.89 123.91
87 15.54 25.54 20.39 36.22 123.08
88 15.74 38.99 26.21 44.03 146.63
89 15.61 30.45 22.62 37.74 130.66
90 15.78 70.11 27.14 28.75 97.54
91 15.87 55.10 30.65 41.67 129.72
92 15.93 21.40 21.56 36.36 126.50
93 15.97 58.22 31.28 41.47 125.66
94 16.26 34.66 25.74 42.44 130.41
95 16.04 48.15 33.67 47.70 147.39
96 16.17 17.13 14.26 22.87 88.27
97 16.28 51.60 32.98 45.42 135.90
98 16.70 44.74 29.46 45.26 130.32
99 16.52 61.11 35.94 46.24 128.74
100 16.85 74.93 17.40 18.87 58.48
101 17.03 41.53 30.48 49.89 142.30
102 16.67 73.00 22.47 19.91 67.10
103 17.04 27.81 24.54 41.26 126.05
104 17.07 67.31 33.07 35.96 98.21
105 17.48 14.27 13.27 18.99 65.10
106 17.17 31.62 31.03 49.06 152.68
107 17.40 24.33 25.27 41.70 117.60
108 17.43 38.05 30.62 47.75 137.96
109 17.58 70.84 31.09 33.46 92.66
110 17.52 48.93 37.91 49.64 137.33
111 17.46 55.87 33.12 44.72 122.91
112 17.56 64.34 33.80 40.76 108.46
113 17.56 19.97 20.85 34.68 102.57
114 17.97 52.32 32.89 43.27 116.17
115 18.30 58.43 36.11 44.09 107.43
116 17.91 16.53 12.89 20.48 59.95
117 18.24 61.63 37.70 48.07 111.46
118 18.37 34.25 32.13 50.20 131.88
119 18.37 46.05 38.42 56.14 144.24
120 18.63 73.91 31.15 29.91 75.62
121 19.04 77.97 21.87 16.16 43.56
122 18.61 29.83 28.08 46.01 118.20
123 18.76 41.95 33.98 48.83 116.65
124 18.90 24.27 27.84 42.91 102.22
125 19.10 37.88 34.50 49.57 116.13
126 19.19 54.46 39.38 50.72 115.64
127 19.25 65.42 37.24 38.85 90.57
128 19.32 69.98 38.59 36.96 86.33
129 18.87 19.73 27.00 35.23 105.54
130 19.37 48.86 39.38 52.15 124.25
131 19.19 15.14 20.74 29.92 79.34
132 19.97 27.19 30.92 45.78 106.48
133 19.94 61.00 42.50 45.25 94.97
134 20.03 31.48 30.00 48.79 105.38
135 20.00 45.01 40.48 52.67 123.16
136 19.57 20.16 30.63 45.90 101.84
137 20.31 56.91 44.10 52.05 108.64
138 20.28 35.48 34.73 52.15 114.14
139 20.40 50.82 43.14 57.75 117.36
140 20.49 41.94 37.53 48.83 105.60
141 20.89 80.51 24.59 14.36 35.81
142 20.51 17.76 29.96 42.01 92.18
143 20.49 23.37 32.36 43.27 98.29
144 20.43 74.19 48.07 32.17 72.70
145 20.72 67.53 54.50 45.71 94.19
146 20.90 13.83 21.97 31.17 71.91
147 21.04 38.90 42.93 53.25 111.62
148 20.89 53.46 44.20 58.41 114.85
149 21.12 76.97 42.37 24.26 57.90
150 21.20 47.64 49.25 60.44 113.16
151 21.41 64.69 50.52 46.24 85.45
152 21.54 70.97 52.77 39.77 82.24
153 21.51 29.55 38.06 52.27 103.44
154 21.62 58.71 54.58 57.66 104.41
155 21.62 20.98 35.43 47.55 88.79
156 21.68 33.33 43.89 55.93 112.77
157 21.89 61.83 60.46 57.06 105.18
158 22.10 25.35 38.97 46.64 89.51
159 21.96 78.27 47.98 30.19 54.89
160 22.22 45.19 49.46 56.79 102.99
161 22.41 36.35 46.70 57.79 102.84
162 22.27 41.82 49.87 60.67 112.16
163 22.32 54.64 53.95 55.71 98.52
164 22.45 51.01 51.33 59.29 102.63
165 22.36 16.98 31.14 37.09 72.33
166 22.54 74.57 67.36 41.39 78.42
167 22.84 67.87 55.51 44.28 79.74
168 23.01 12.22 23.19 27.10 54.43
169 22.99 28.91 44.24 54.74 94.57
170 22.59 81.03 21.35 11.08 23.40
171 23.28 39.10 52.45 60.17 104.06
172 23.38 48.35 54.63 59.68 95.29
173 23.34 56.87 60.52 60.55 95.50
174 23.40 22.03 40.57 49.05 82.29
175 23.51 63.88 65.68 52.04 84.43
176 23.63 59.93 68.66 61.05 97.02
177 23.61 78.92 59.73 33.18 60.66
178 23.47 33.01 50.38 56.69 99.70
179 23.79 71.26 72.01 45.50 76.85
180 24.04 26.02 48.43 53.82 84.99
181 23.96 18.49 39.37 45.73 71.91
182 23.97 45.15 59.30 58.52 93.98
183 24.09 41.90 62.53 64.02 101.71
184 24.09 53.50 61.11 58.22 89.70
185 24.31 14.55 37.65 42.94 67.66
186 24.26 75.25 77.00 47.36 80.03
187 24.39 36.79 58.50 61.62 100.28
188 24.56 29.97 54.66 58.01 93.71
189 24.77 67.74 74.81 56.71 82.96
190 24.66 81.28 42.94 21.85 37.14
191 25.05 51.01 69.37 61.89 89.18
192 25.18 57.45 71.97 58.47 84.27
193 25.23 34.30 66.04 65.74 103.52
194 25.30 61.16 82.54 64.00 88.43
195 25.26 47.27 73.28 65.44 97.09
196 25.24 22.34 53.22 50.47 73.79
197 25.40 64.61 82.87 64.37 97.14
198 25.55 39.79 66.40 63.80 91.26
199 25.12 73.01 75.82 45.05 68.10
200 25.61 17.66 48.03 46.56 65.49
201 25.61 43.41 66.98 65.27 91.11
202 25.88 12.19 32.46 33.57 49.09
203 25.63 78.98 60.25 30.25 49.12
204 25.97 54.72 81.05 66.00 90.58
205 25.92 26.17 60.47 57.40 80.09
206 26.30 70.66 81.22 53.94 72.61
207 26.19 82.74 48.16 22.19 36.29
208 26.22 77.18 69.70 37.88 57.43
209 25.94 31.84 67.47 65.93 91.68
210 25.83 74.30 75.28 48.22 66.81
211 26.47 36.68 78.77 69.65 99.80
212 26.68 29.21 72.95 63.66 79.91
213 26.50 49.08 81.59 71.26 90.14
214 26.95 67.09 83.26 56.27 73.73
215 27.06 22.42 63.70 56.77 68.11
216 26.97 62.99 92.46 65.85 82.78
217 27.11 45.66 83.65 67.35 86.78
218 27.19 52.98 84.36 64.39 78.05
219 26.84 58.92 78.18 58.87 76.01
220 27.22 18.74 60.74 58.87 70.17
221 27.43 14.94 54.63 47.76 61.95
222 27.38 42.35 74.24 62.75 76.53
223 27.36 73.97 81.20 49.79 66.47
224 27.47 80.02 65.43 41.07 51.01
225 27.54 8.29 32.44 23.43 36.34
226 27.44 33.31 83.63 68.93 86.02
227 27.48 38.99 78.08 71.47 84.72
228 28.07 11.45 49.36 40.22 50.24
229 28.01 25.96 76.84 61.38 70.54
230 28.17 86.16 35.84 17.49 23.48
231 27.74 59.37 93.29 69.19 75.12
232 28.25 56.77 98.03 66.85 78.46
233 28.02 48.83 91.26 71.33 77.53
234 28.23 76.77 74.68 48.90 58.85
235 28.44 29.46 79.04 60.93 71.71
236 28.76 71.32 87.00 57.57 66.02
237 28.62 35.93 90.61 74.07 82.76
238 28.93 82.68 59.42 30.81 40.64
239 28.51 67.17 85.21 59.33 68.18
240 28.71 52.11 103.54 79.45 84.99
241 28.61 63.14 95.62 69.04 75.16
242 28.66 22.42 72.28 49.51 57.14
243 28.94 18.26 65.03 52.01 54.37
244 28.65 45.59 91.54 61.63 75.80
245 29.02 39.56 92.82 77.56 83.88
246 28.86 75.13 73.56 54.81 58.79
247 29.48 59.60 100.42 72.25 74.81
248 29.35 32.83 93.82 71.92 73.88
249 28.94 68.48 85.31 60.21 65.96
250 29.37 42.66 103.86 80.13 86.57
251 29.50 78.93 79.27 48.16 55.26
252 29.14 54.97 107.40 71.26 77.04
253 29.25 8.25 31.91 17.65 22.89
254 29.68 13.86 64.60 46.32 51.53
255 29.44 49.45 110.48 77.87 81.98
256 29.50 23.11 82.04 67.88 63.96
257 29.54 46.04 97.90 81.52 79.74
258 30.26 6.32 36.37 22.85 29.75
259 29.70 26.88 79.93 50.58 53.66
260 30.05 87.05 41.74 19.33 20.49
261 30.06 65.53 99.05 75.88 73.01
262 30.06 10.50 59.67 35.68 43.83
263 30.41 25.68 94.27 68.44 68.95
264 30.22 30.28 106.63 74.67 74.89
265 30.24 74.64 88.53 52.83 57.06
266 29.97 54.98 103.92 79.05 69.81
267 29.60 56.74 0.00 0.00 0.00
268 30.45 69.61 93.08 66.46 65.79
269 30.46 36.46 107.60 73.03 70.05
270 30.80 84.17 56.16 25.39 30.61
271 30.72 18.21 77.47 57.96 54.95
272 30.74 62.61 110.06 77.64 72.80
273 30.82 22.14 88.17 64.66 62.21
274 30.77 52.39 114.54 80.64 75.14
275 30.78 40.10 102.69 76.22 71.44
276 30.77 48.66 113.53 75.77 74.44
277 30.45 45.05 99.40 60.87 63.29
278 30.90 9.86 60.84 41.89 43.23
279 30.92 80.72 80.22 51.06 52.45
280 30.74 57.48 104.34 73.20 69.28
281 30.89 33.41 102.05 60.04 64.51
282 31.08 43.90 110.47 78.86 74.12
283 31.59 88.75 31.65 17.61 17.83
284 31.61 13.83 73.78 50.12 46.91
285 31.52 28.71 114.41 78.08 75.48
286 31.85 60.38 114.75 86.42 75.34
287 31.76 72.76 102.16 64.81 60.35
288 31.68 77.19 84.33 50.45 50.28
289 31.85 54.88 118.79 92.78 80.38
290 31.76 65.97 100.66 68.45 62.76
291 31.70 32.69 108.89 79.23 69.38
292 31.67 57.79 108.03 72.51 62.77
293 31.76 8.49 59.83 30.36 31.62
294 31.98 47.50 133.56 86.43 76.50
295 31.64 86.26 42.09 17.67 21.05
296 32.32 25.52 105.76 71.46 61.85
297 32.18 42.06 128.06 87.26 75.27
298 32.41 35.66 117.38 83.07 68.06
299 32.67 39.05 119.32 82.50 68.87
300 32.12 21.12 86.79 55.88 54.55
301 32.72 69.82 95.76 67.23 56.85
302 32.63 51.79 116.37 81.13 68.02
303 32.61 17.90 91.50 63.63 51.29
304 32.26 81.22 81.63 44.93 44.86
305 32.97 45.07 137.54 90.67 74.50
306 32.73 9.93 69.00 39.13 36.81
307 33.10 85.11 61.89 34.51 33.96
308 33.35 29.56 106.61 71.66 57.08
309 33.33 62.66 108.55 74.31 60.14
310 33.15 89.32 41.35 23.74 21.39
311 32.59 77.04 81.86 49.86 43.87
312 33.21 56.44 109.20 84.28 67.32
313 33.01 22.15 91.40 68.19 51.40
314 33.09 32.33 112.26 74.91 64.58
315 33.07 28.01 108.26 69.00 65.43
316 33.01 82.25 82.30 49.39 42.58
317 33.35 66.30 118.62 83.99 66.52
318 33.42 74.19 92.71 61.68 52.87
319 33.52 10.91 77.21 54.02 42.11
320 33.63 15.11 87.84 60.71 50.47
321 33.74 59.41 109.30 86.28 66.54
322 33.57 48.47 143.59 92.60 74.81
323 33.81 79.31 88.96 52.87 45.31
324 34.04 42.83 123.55 89.21 67.91
325 34.15 37.08 126.36 92.49 68.72
326 33.94 24.43 99.86 72.94 56.74
327 33.89 5.09 36.77 16.54 18.70
328 34.57 7.19 62.28 34.69 29.56
329 34.42 51.35 139.96 96.69 71.59
330 33.96 32.08 109.88 90.54 69.49
331 34.78 53.92 124.44 89.67 65.22
332 34.43 19.84 87.04 60.50 47.11
333 34.66 40.29 132.79 94.26 67.49
334 34.75 34.21 121.38 97.79 65.89
335 34.80 71.14 97.90 70.56 54.14
336 34.24 77.68 97.47 53.77 48.17
337 34.77 82.16 76.80 49.54 40.76
338 34.45 68.19 111.09 78.45 62.03
339 34.86 75.98 98.60 69.08 51.64
340 34.87 12.08 90.28 59.92 45.33
341 34.86 86.99 62.29 40.78 32.85
342 34.94 27.36 116.96 85.46 61.47
343 34.92 45.95 139.73 97.35 70.28
344 34.99 56.41 125.24 101.60 69.69
345 35.48 31.41 108.53 79.30 54.42
346 34.99 64.78 114.70 83.78 62.52
347 34.91 89.17 46.83 29.98 23.91
348 34.71 24.06 98.87 82.87 50.31
349 35.27 61.52 119.16 91.87 67.60
350 35.23 67.37 108.95 87.74 60.74
351 35.43 49.11 145.34 104.91 71.60
352 35.79 16.80 93.30 58.98 45.11
353 35.97 58.74 119.72 103.69 66.23
354 35.87 24.06 93.80 74.41 51.35
355 35.91 43.28 132.41 98.44 65.76
356 35.80 73.69 102.38 73.36 50.52
357 36.14 39.54 131.46 91.17 63.40
358 36.19 35.98 119.37 93.30 63.72
359 35.95 85.50 74.89 50.16 38.98
360 36.62 9.04 80.42 49.75 32.24
361 36.36 20.47 99.38 76.16 49.04
362 35.89 64.28 109.86 88.28 56.76
363 36.37 77.77 97.80 68.67 47.66
364 35.80 4.98 51.33 24.37 19.56
365 36.31 52.00 128.58 87.06 63.47
366 36.45 28.56 114.86 90.98 60.01
367 36.56 12.79 102.63 67.53 46.04
368 36.54 89.32 52.46 38.76 27.32
369 36.69 6.05 63.75 39.59 28.29
370 36.67 69.79 98.85 78.91 51.96
371 36.50 47.52 136.07 89.29 59.66
372 36.82 81.32 88.97 67.42 46.12
373 36.65 84.61 81.74 60.80 40.88
374 36.81 55.72 126.02 99.79 66.32
375 36.96 65.47 106.96 87.10 55.01
376 36.58 73.59 96.46 66.28 44.37
377 37.17 61.44 109.53 95.09 58.15
378 36.95 92.63 22.74 14.69 10.66
379 37.08 46.43 124.60 91.51 55.28
380 37.57 33.91 127.02 94.83 58.50
381 37.36 43.56 123.48 96.11 61.08
382 37.74 30.55 121.66 97.73 59.09
383 37.53 39.18 121.68 97.49 61.41
384 37.36 3.89 40.66 18.84 14.95
385 37.72 26.11 111.43 87.56 52.85
386 37.89 49.95 128.86 104.93 63.28
387 38.34 18.56 93.77 62.76 40.67
388 37.80 74.30 95.57 74.88 48.30
389 37.64 15.20 99.59 66.22 42.87
390 37.93 22.30 107.19 84.00 50.85
391 38.08 57.96 117.80 102.35 58.81
392 38.13 88.55 59.16 47.77 30.93
393 38.05 85.29 75.70 55.12 35.82
394 38.20 67.45 111.74 98.72 57.76
395 38.47 83.27 82.68 61.61 39.41
396 38.01 53.53 120.91 94.97 54.93
397 38.19 78.24 82.00 63.40 42.28
398 38.33 11.61 100.63 70.74 42.13
399 38.84 91.64 37.66 31.49 20.56
400 38.58 37.05 124.13 99.39 55.86
401 38.56 70.58 95.62 86.26 51.06
402 38.64 46.84 122.72 102.50 57.09
403 38.71 8.11 76.72 46.25 29.78
404 38.92 64.58 112.77 100.31 54.44
405 38.73 43.44 131.96 106.65 57.12
406 38.59 15.66 90.84 66.99 42.84
407 38.73 61.53 110.25 92.25 52.54
408 38.73 54.36 118.94 96.51 55.50
409 39.22 6.49 72.18 53.20 30.56
410 39.38 29.08 113.24 93.95 50.72
411 39.13 40.61 122.29 106.88 59.94
412 39.30 32.70 125.82 109.91 57.79
413 39.26 25.55 119.57 97.89 54.25
414 39.48 76.71 85.50 77.99 44.25
415 38.89 80.09 78.15 70.75 39.35
416 39.55 51.33 125.19 105.95 59.03
417 39.58 58.67 117.16 115.48 59.81
418 39.36 21.16 111.23 82.39 48.49
419 39.89 72.24 90.00 83.25 44.98
420 40.04 14.16 83.65 64.68 34.73
421 39.92 54.87 129.84 108.22 57.95
422 39.87 86.76 66.40 58.05 33.36
423 40.14 36.38 111.12 96.03 49.14
424 40.04 81.61 72.87 64.11 38.00
425 40.11 48.04 133.11 115.84 60.76
426 40.20 68.23 97.34 86.98 49.11
427 40.19 10.12 82.46 60.95 33.28
428 39.67 62.06 114.19 105.55 52.05
429 40.00 22.56 102.11 86.83 45.68
430 40.60 19.41 87.54 71.69 39.81
431 40.29 44.24 122.86 105.91 55.91
432 40.46 39.81 116.48 112.13 54.74
433 40.87 64.74 106.60 98.12 50.40
434 40.77 25.75 107.97 95.11 49.00
435 41.01 90.83 44.51 38.14 22.25
436 40.64 6.68 57.78 43.05 23.42
437 40.95 61.18 115.62 104.09 52.73
438 40.85 31.99 105.79 105.93 54.08
439 40.89 74.94 90.60 91.81 45.33
440 41.09 57.32 116.38 116.20 54.98
441 41.18 50.26 128.32 121.82 56.01
442 41.63 77.97 86.72 77.15 39.63
443 41.53 28.89 110.43 102.40 50.09
444 41.56 16.96 90.55 82.63 41.61
445 41.09 86.05 63.39 62.26 34.54
446 41.54 35.21 115.14 112.02 49.67
447 41.67 53.45 116.97 110.69 51.04
448 41.95 24.00 98.71 88.81 44.59
449 41.64 41.98 113.04 110.56 50.25
450 41.73 9.89 87.45 70.38 34.18
451 41.77 45.87 118.38 113.45 54.44
452 41.87 72.24 94.88 82.84 42.63
453 41.90 81.45 81.71 82.40 38.96
454 41.60 6.02 64.32 54.90 26.33
455 42.18 2.68 29.46 22.54 12.64
456 42.00 67.78 102.83 102.37 48.98
457 42.24 13.13 84.96 75.40 36.67
458 42.38 38.97 114.89 109.98 49.36
459 41.86 86.04 61.50 60.57 33.79
460 42.50 59.86 121.36 125.96 54.30
461 42.59 63.55 113.20 104.74 49.20
462 42.56 21.01 91.28 89.57 40.98
463 42.65 31.65 104.24 103.31 45.35
464 42.51 48.98 129.46 133.13 57.62
465 42.66 56.78 125.88 130.78 55.74
466 42.73 92.50 45.11 42.37 20.40
467 43.03 88.25 67.47 62.64 29.95
468 43.05 84.29 78.74 82.63 37.92
469 43.07 6.84 70.50 70.77 29.35
470 42.99 43.75 114.03 120.07 53.22
471 43.41 76.21 86.73 80.59 37.85
472 43.33 27.02 99.37 97.93 42.89
473 43.11 35.97 117.27 118.89 47.65
474 43.35 70.48 98.32 94.34 42.87
475 43.48 15.31 85.51 79.85 35.79
476 43.51 54.39 121.56 129.64 54.15
477 43.44 18.85 88.20 87.21 40.48
478 43.57 51.12 121.79 120.53 52.70
479 44.07 3.10 31.46 30.31 14.81
480 43.64 66.90 103.96 117.35 48.98
481 43.75 80.20 80.13 83.50 39.31
482 43.79 10.47 83.63 84.06 36.32
483 43.86 47.60 128.21 128.61 51.64
484 43.93 94.74 23.99 24.02 10.65
485 44.06 41.48 109.55 122.36 50.21
486 44.08 23.55 97.05 98.53 40.25
487 44.08 61.30 107.46 119.92 48.58
488 44.21 34.14 106.83 118.27 47.29
489 44.28 73.40 94.86 107.52 45.50
490 44.28 30.07 100.54 107.39 43.44
491 44.28 57.84 111.12 126.48 47.96
492 44.59 38.47 99.99 117.36 47.09
493 44.74 64.17 95.47 113.88 43.48
494 44.55 45.05 107.08 132.93 51.28
495 44.66 89.61 55.35 58.55 25.94
496 44.26 19.81 74.35 80.35 33.04
497 44.80 84.17 63.71 72.23 31.37
498 45.09 7.57 64.15 64.84 25.98
499 44.97 52.55 118.64 133.82 49.08
500 44.89 13.14 71.97 70.99 31.13
501 45.05 16.94 75.18 83.73 33.37
502 45.19 67.84 91.01 111.28 41.80
503 45.37 26.18 94.24 104.49 39.12
504 45.57 71.12 86.25 107.75 42.94
505 45.51 21.72 88.99 97.80 40.34
506 45.41 79.45 77.74 83.84 36.87
507 45.51 49.26 113.84 137.73 50.63
508 45.55 55.61 103.10 131.31 47.81
509 45.85 92.59 41.09 43.23 18.82
510 45.50 11.23 72.09 86.37 33.10
511 45.54 33.06 98.61 118.78 43.22
512 45.46 1.72 18.74 20.74 10.11
513 45.67 75.18 85.03 101.64 41.47
514 45.69 42.72 105.03 129.74 47.99
515 45.70 59.18 110.29 128.07 46.82
516 45.96 36.75 91.05 113.48 42.32
517 46.08 29.90 94.12 113.38 42.00
518 46.06 46.31 107.45 134.76 48.21
519 46.29 61.81 95.37 115.54 41.71
520 46.18 3.93 40.41 53.82 22.60
521 46.12 86.95 61.91 72.76 29.19
522 46.37 14.50 78.49 92.28 34.18
523 46.65 40.40 93.81 123.82 45.28
524 46.65 65.43 93.15 114.01 41.39
525 46.63 18.94 81.21 96.55 33.97
526 46.52 51.38 115.46 144.58 48.60
527 46.85 82.07 63.91 77.28 31.53
528 46.83 7.67 58.01 68.30 24.19
529 47.05 54.32 106.13 133.89 48.21
530 47.03 69.11 88.38 113.39 40.37
531 47.00 77.41 83.63 98.08 37.33
532 47.03 26.57 84.64 107.65 36.98
533 47.40 11.26 64.67 77.06 28.39
534 47.20 57.75 97.79 127.63 43.78
535 47.25 72.78 83.05 103.84 36.93
536 47.22 1.78 17.70 21.41 9.37
537 47.07 23.24 80.97 97.02 35.76
538 47.13 33.54 88.52 115.69 39.49
539 47.33 44.01 100.07 138.30 44.35
540 47.72 90.37 48.16 60.98 22.92
541 47.62 47.78 100.14 126.87 44.86
542 47.60 37.44 94.89 125.61 42.38
543 47.68 85.83 68.55 82.85 30.36
544 47.97 94.62 25.74 34.24 12.71
545 47.87 15.39 76.85 90.16 30.88
546 47.86 30.36 81.97 114.68 38.34
547 47.78 62.39 87.39 122.51 42.05
548 47.84 22.37 73.71 98.71 34.60
549 48.10 4.82 41.53 49.68 18.09
550 47.95 51.31 105.28 144.99 47.96
551 48.42 19.41 74.35 101.59 32.90
552 48.45 66.94 90.41 112.55 38.13
553 48.40 40.97 92.50 134.58 41.65
554 48.64 78.96 78.52 97.33 33.71
555 48.50 74.39 78.34 101.59 35.97
556 48.63 35.00 91.82 134.79 41.70
557 48.76 25.83 73.26 99.68 34.62
558 48.96 82.27 64.28 85.50 32.18
559 48.68 57.70 93.81 132.74 43.67
560 48.91 8.97 56.02 80.54 25.29
561 48.85 54.05 99.03 138.54 44.17
562 48.75 44.65 100.67 160.17 47.36
563 48.99 2.28 20.20 27.18 10.67
564 49.25 69.74 87.48 107.77 36.06
565 49.14 63.91 90.40 126.46 40.67
566 48.88 83.85 60.16 94.08 30.64
567 49.32 29.46 78.13 124.74 37.67
568 49.20 49.63 102.46 150.34 46.18
569 49.32 60.52 88.91 130.44 40.23
570 49.27 87.27 58.60 80.80 27.99
571 49.47 12.40 67.67 90.46 27.59
572 49.40 38.47 81.02 127.20 39.74
573 49.42 16.22 75.20 104.59 31.83
574 49.64 33.15 86.73 131.81 36.87
575 49.70 21.62 70.46 103.41 32.52
576 49.39 93.70 28.39 40.48 14.76
577 49.88 46.68 92.38 146.12 42.75
578 50.01 6.23 48.22 61.88 19.01
579 50.00 76.41 72.32 108.06 33.50
580 49.90 42.54 94.22 151.91 41.95
581 50.27 72.91 74.77 111.66 36.36
582 50.28 90.46 46.45 73.16 23.38
583 50.30 52.03 94.61 153.34 43.22
584 50.26 55.27 92.75 150.02 42.15
585 50.43 24.63 70.71 117.38 33.16
586 50.44 2.54 21.77 38.05 12.14
587 50.59 80.70 68.19 90.32 29.57
588 50.82 66.99 88.08 119.90 36.40
589 50.68 36.45 79.84 134.24 40.46
590 50.74 58.54 86.85 132.13 40.38
591 50.90 85.76 53.77 80.08 25.56
592 50.76 64.05 93.05 136.12 37.82
593 50.77 19.43 64.64 105.80 29.44
594 51.12 27.71 73.12 112.47 32.49
595 51.00 10.39 57.88 83.99 24.56
596 51.11 17.87 61.23 94.14 28.35
597 50.85 30.76 75.31 126.75 35.49
598 50.95 49.39 98.79 163.36 42.22
599 51.16 61.37 91.04 133.80 37.56
600 51.04 14.77 60.30 96.68 27.34
601 50.94 40.51 87.87 149.80 41.97
602 51.38 70.31 78.30 116.66 34.71
603 51.18 44.30 95.43 151.36 40.65
604 51.61 33.46 75.34 135.04 36.23
605 51.85 21.71 69.15 114.34 32.26
606 51.78 77.02 70.74 107.86 31.23
607 51.71 55.97 92.44 151.25 40.83
608 51.79 90.97 40.85 68.07 21.07
609 51.85 7.06 48.76 74.14 20.33
610 51.91 47.40 97.15 164.49 41.87
611 51.95 52.98 86.69 150.04 41.02
612 52.01 3.15 23.63 38.24 12.07
613 51.99 38.81 82.76 147.36 38.11
614 52.17 82.93 58.30 95.04 28.95
615 52.33 73.62 66.62 111.31 33.12
616 52.32 25.33 68.07 110.86 33.11
617 52.65 94.92 20.28 34.42 10.40
618 52.50 64.47 84.67 133.03 36.17
619 52.50 42.30 83.62 147.57 38.13
620 52.65 35.91 78.42 142.85 36.72
621 52.62 30.41 70.85 119.11 33.75
622 52.73 50.43 90.31 155.64 41.25
623 52.70 58.06 97.12 150.93 38.52
624 52.63 14.90 54.41 93.54 25.42
625 52.74 85.84 50.09 79.70 25.36
626 52.89 67.98 73.45 126.91 35.37
627 52.89 10.84 56.41 86.83 24.40
628 52.97 79.50 58.02 107.83 28.99
629 52.90 45.48 85.26 162.92 37.92
630 52.94 61.05 94.33 133.77 36.33
631 53.07 18.75 58.74 105.65 28.08
632 53.03 87.64 45.83 77.75 22.53
633 53.80 2.86 18.51 37.11 9.84
634 53.73 71.48 65.24 115.31 31.17
635 53.47 90.82 40.95 77.13 19.41
636 53.56 27.88 68.19 133.00 32.92
637 53.69 55.48 85.81 139.45 35.77
638 53.66 7.08 46.16 79.14 19.48
639 53.69 33.61 68.02 131.97 33.03
640 53.68 22.60 61.05 114.50 28.47
641 53.49 39.16 79.10 145.93 36.27
642 53.80 47.87 84.94 152.03 37.30
643 53.82 52.81 88.09 155.49 37.89
644 53.92 76.13 65.17 113.17 32.08
645 54.00 43.54 86.93 160.32 37.53
646 54.28 81.74 52.65 91.48 25.30
647 54.15 64.36 79.11 130.74 34.59
648 54.37 14.93 47.75 90.39 23.86
649 54.29 58.53 96.23 151.90 37.03
650 54.72 97.60 8.08 14.08 4.10
651 54.70 84.99 49.04 86.23 23.53
652 54.68 94.05 23.80 44.46 12.49
653 54.59 25.51 59.27 124.99 30.15
654 54.68 30.39 65.77 126.83 30.63
655 54.69 37.03 71.38 140.53 34.21
656 54.66 50.48 86.49 158.76 36.94
657 54.66 68.27 77.44 129.58 33.70
658 54.74 40.96 84.91 160.51 37.78
659 55.04 11.61 44.41 84.32 21.77
660 54.45 87.10 44.41 73.18 22.04
661 54.91 19.60 53.30 101.71 26.09
662 54.94 61.22 89.00 151.72 35.48
663 55.08 89.92 43.16 81.19 19.90
664 55.40 74.59 63.83 107.22 28.77
665 55.20 45.46 83.61 163.52 37.47
666 55.42 78.50 53.23 97.49 27.31
667 55.24 33.48 69.53 137.14 31.59
668 55.31 8.04 41.64 80.82 19.48
669 55.60 3.10 18.22 37.78 10.15
670 55.54 53.52 90.71 155.87 36.27
671 55.56 48.03 81.48 156.53 35.81
672 55.58 56.13 86.16 151.87 35.40
673 55.58 71.43 65.25 123.57 30.40
674 55.86 66.27 77.95 127.25 32.22
675 55.94 24.07 54.01 113.58 27.64
676 55.85 28.05 58.15 129.00 29.23
677 56.21 62.97 80.90 147.46 32.62
678 56.04 42.74 79.01 166.76 36.19
679 56.06 58.89 87.59 153.37 35.71
680 56.12 39.29 68.43 150.64 35.09
681 56.26 17.20 48.59 104.45 24.31
682 56.42 81.80 53.46 90.62 24.61
683 56.32 86.48 46.02 85.03 21.91
684 56.30 35.74 62.38 137.34 29.81
685 56.31 50.94 84.45 166.19 37.54
686 56.60 91.79 35.01 63.32 15.97
687 56.64 31.61 55.79 125.78 28.67
688 56.96 13.89 41.94 95.14 22.62
689 56.93 20.99 48.13 108.04 25.53
690 56.80 6.14 32.10 80.09 16.15
691 56.85 69.56 67.93 133.01 30.84
692 57.01 45.16 79.88 165.24 34.94
693 57.27 9.99 39.56 90.17 19.84
694 57.15 76.77 57.60 102.96 25.46
695 57.33 48.00 81.84 158.30 35.01
696 57.33 73.19 62.56 118.27 28.35
697 57.32 56.72 93.36 162.11 34.86
698 57.43 65.02 72.50 150.04 32.82
699 57.37 28.04 60.54 128.66 27.83
700 57.52 59.92 77.68 148.73 34.46
701 57.61 53.93 84.95 169.14 33.15
702 57.58 41.84 71.06 154.38 32.49
703 57.70 38.42 64.57 143.68 30.37
704 57.65 24.54 53.85 126.36 27.52
705 57.76 34.92 58.38 138.83 30.14
706 57.77 51.11 89.38 180.90 36.27
707 57.90 88.66 45.04 87.44 20.98
708 58.04 84.28 53.70 94.38 22.65
709 58.14 67.51 68.45 134.04 29.25
710 58.08 79.99 57.45 104.77 24.77
711 58.11 93.82 20.19 41.70 10.23
712 58.25 62.36 75.33 146.98 31.20
713 58.26 17.85 43.15 100.27 23.89
714 58.23 31.36 54.27 131.95 27.26
715 58.67 70.56 62.28 124.69 28.27
716 58.72 7.01 30.92 81.15 15.20
717 58.52 44.89 71.73 156.40 31.67
718 58.84 12.02 39.06 92.68 20.04
719 58.77 22.49 52.16 128.44 25.95
720 58.88 49.79 80.36 166.38 34.07
721 58.86 56.72 81.08 163.32 35.05
722 59.02 74.10 57.45 116.77 26.49
723 58.96 27.35 54.25 131.90 27.61
724 59.11 40.69 62.49 146.34 31.50
725 59.41 77.30 49.66 103.24 23.66
726 59.17 36.48 60.04 144.00 29.83
727 59.42 59.46 78.85 154.05 32.12
728 59.30 53.38 76.36 155.35 32.88
729 59.43 65.17 71.83 143.12 29.73
730 59.51 91.18 32.26 67.04 14.81
731 59.47 47.30 66.95 170.44 32.40
732 59.66 15.28 37.45 102.04 21.12
733 59.68 86.95 45.53 84.67 20.19
734 59.62 32.83 60.05 140.15 27.97
735 59.37 79.05 48.43 102.84 24.61
736 59.72 82.46 52.64 97.43 23.75
737 59.95 20.93 45.21 116.50 23.93
738 59.88 62.32 83.63 164.23 31.50
739 59.97 43.70 63.69 162.72 32.94
740 60.04 68.14 62.31 133.68 28.29
741 60.16 8.36 34.00 88.06 16.30
742 60.24 29.53 58.27 141.06 27.63
743 60.52 4.44 21.64 53.60 10.57
744 60.50 25.09 44.67 122.82 25.65
745 60.35 50.34 65.82 164.02 32.96
746 60.50 38.50 61.70 156.42 30.75
747 60.47 56.53 72.41 161.46 30.98
748 60.65 71.40 57.22 122.78 26.80
749 60.55 75.14 52.48 116.78 25.13
750 60.85 17.95 40.74 109.15 22.13
751 60.78 35.42 61.15 153.57 28.22
752 60.93 10.67 34.40 94.98 18.01
753 60.81 46.63 67.54 171.87 31.84
754 60.83 53.22 75.21 180.51 33.18
755 61.18 40.92 56.82 142.51 28.05
756 61.19 79.90 51.39 99.85 23.16
757 60.99 93.15 20.56 47.42 10.98
758 61.14 59.35 68.88 159.77 29.93
759 61.46 11.79 33.64 87.61 18.33
760 61.46 65.05 63.54 137.48 28.91
761 61.49 84.40 43.71 93.95 19.78
762 61.53 88.55 34.21 77.16 16.83
763 61.31 62.15 74.08 173.26 31.74
764 61.51 32.72 56.95 140.69 27.42
765 61.81 14.54 37.16 99.48 20.08
766 61.59 27.95 43.38 122.95 23.64
767 61.52 43.90 61.09 164.40 29.55
768 61.75 21.81 46.27 124.62 23.83
769 61.69 68.30 66.18 150.62 31.15
770 62.02 95.87 8.32 19.38 4.16
771 61.91 7.27 31.70 83.22 15.23
772 61.83 48.30 68.09 174.69 31.76
773 61.89 76.46 55.52 124.67 24.10
774 61.91 55.05 73.89 175.12 30.28
775 62.01 51.12 66.29 172.67 31.93
776 62.26 72.65 56.59 129.49 26.18
777 62.20 37.01 61.74 147.84 26.83
778 62.51 57.91 71.50 164.50 28.89
779 62.27 17.53 47.27 114.53 22.21
780 62.65 24.90 42.15 124.53 23.20
781 62.50 30.67 45.87 148.38 26.31
782 62.72 92.10 23.76 56.74 11.31
783 62.75 19.01 42.69 120.87 22.28
784 62.65 61.45 65.04 155.12 28.96
785 62.84 42.34 52.96 145.76 26.10
786 62.83 45.40 67.40 175.53 30.88
787 62.73 83.22 41.94 90.69 20.26
788 63.02 81.21 42.85 94.59 21.71
789 63.11 53.13 74.77 182.79 30.11
790 63.06 69.25 58.11 143.20 26.39
791 63.29 9.28 32.13 87.81 15.42
792 63.36 39.61 58.88 150.88 27.56
793 63.29 65.56 66.22 146.86 27.07
794 63.14 48.37 68.82 191.80 31.83
795 63.29 76.99 51.64 113.51 23.35
796 63.45 33.08 49.90 137.10 25.37
797 63.49 88.04 34.26 77.35 14.92
798 63.49 28.24 43.72 134.53 24.43
799 63.74 12.49 33.10 99.53 18.02
800 63.79 16.38 39.97 110.04 21.03
801 63.73 55.75 73.72 164.07 30.23
802 63.77 21.29 39.28 100.39 20.10
803 63.83 95.20 8.66 18.51 4.49
804 63.86 35.95 50.99 148.38 25.38
805 63.92 50.70 73.72 190.11 31.37
806 63.83 72.71 57.45 136.70 24.51
807 63.96 62.60 68.88 167.08 28.99
808 64.06 59.36 70.22 161.09 28.70
809 64.37 84.18 43.74 93.20 18.61
810 64.49 80.09 48.45 96.75 20.87
811 64.32 46.67 64.72 178.95 28.90
812 64.51 6.34 24.19 77.77 12.82
813 64.53 24.85 40.92 116.91 22.79
814 64.44 68.67 59.99 143.22 25.82
815 64.77 91.58 23.14 51.81 10.35
816 64.64 43.60 55.35 153.84 27.85
817 64.89 52.88 75.64 172.52 28.35
818 64.89 75.72 53.62 121.90 23.50
819 64.78 29.28 43.54 130.76 22.54
820 65.01 37.40 48.41 148.61 26.11
821 64.96 40.61 58.82 166.75 26.15
822 65.00 65.15 64.96 156.65 25.70
823 65.01 57.46 75.03 181.93 29.19
824 65.24 17.85 35.68 97.84 18.47
825 65.16 32.60 42.41 127.82 24.37
826 65.22 49.62 76.43 187.51 29.10
827 65.30 14.11 34.14 103.01 17.60
828 65.23 19.81 34.79 97.26 18.05
829 65.59 9.27 26.66 76.44 14.42
830 65.42 72.08 58.22 139.86 23.59
831 65.42 86.95 42.22 91.94 16.60
832 65.54 62.06 68.52 149.01 27.72
833 65.80 94.21 9.09 22.59 4.27
834 65.78 55.47 76.93 186.03 29.83
835 65.92 22.43 38.45 116.65 20.96
836 65.77 46.84 58.55 160.15 27.22
837 65.94 27.43 43.81 132.98 21.94
838 65.93 69.13 65.33 163.91 26.13
839 66.11 78.46 50.26 111.45 21.73
840 66.10 59.69 73.94 184.12 26.91
841 66.40 82.31 42.32 91.83 19.10
842 66.25 34.34 46.10 148.32 24.27
843 66.35 66.32 69.47 174.15 26.58
844 66.48 43.29 57.65 155.18 24.99
845 66.50 53.22 66.60 185.44 27.64
846 66.57 90.47 24.59 55.99 11.01
847 66.42 40.57 55.12 169.60 26.14
848 66.59 75.00 55.36 133.69 23.76
849 66.74 37.63 48.56 145.27 23.48
850 66.61 50.43 64.03 179.54 28.07
851 66.69 12.51 33.03 108.76 16.72
852 66.81 17.16 33.32 100.77 18.36
853 66.99 30.21 39.74 117.55 21.84
854 66.99 57.66 64.15 172.65 27.16
855 67.04 45.66 53.79 171.63 27.11
856 66.99 86.25 36.44 89.12 15.66
857 67.11 25.30 41.62 126.18 21.00
858 67.09 63.97 63.25 161.84 25.49
859 67.28 71.85 61.92 131.97 22.94
860 67.25 5.75 16.41 45.81 8.56
861 67.48 21.21 38.03 114.07 19.47
862 67.20 94.43 7.77 16.97 3.47
863 67.47 60.80 70.58 176.56 26.20
864 67.83 9.16 27.07 83.02 12.95
865 67.56 68.59 66.14 152.09 25.36
866 67.67 48.38 58.12 177.83 27.35
867 67.64 54.78 67.46 178.42 26.84
868 67.71 34.46 45.57 152.08 23.77
869 67.96 79.49 45.22 97.91 18.95
870 68.07 40.23 50.68 151.93 23.80
871 67.89 92.88 10.82 24.98 5.09
872 68.11 13.74 32.63 106.49 16.86
873 68.18 51.67 60.14 163.46 25.67
874 68.34 43.23 53.55 163.86 24.82
875 68.21 75.13 53.91 116.28 20.94
876 68.28 88.78 28.08 63.33 11.69
877 68.38 83.92 35.51 81.84 15.71
878 68.38 30.78 41.21 132.03 21.86
879 68.49 65.77 62.59 163.22 25.73
880 68.45 26.34 37.16 118.80 19.91
881 68.64 37.34 46.07 153.42 22.93
882 68.63 17.65 38.17 106.08 18.79
883 68.53 56.94 60.21 175.64 26.11
884 68.63 62.77 68.05 176.30 25.70
885 68.74 46.06 47.77 162.71 24.02
886 68.85 59.70 64.34 170.77 24.76
887 68.75 92.49 10.17 23.45 5.02
888 69.10 71.47 58.38 139.11 22.50
889 69.04 21.37 43.59 126.34 19.94
890 69.12 68.37 64.01 160.98 24.34
891 69.38 48.73 52.84 167.28 24.34
892 69.49 10.80 31.91 91.93 13.84
893 69.28 33.99 50.37 149.36 21.77
894 69.30 54.45 61.92 173.78 24.68
895 69.48 77.21 48.53 113.78 19.12
896 69.72 7.57 21.61 67.36 10.25
897 69.68 40.39 50.48 152.34 22.33
898 69.83 81.11 45.14 99.62 17.99
899 69.73 51.51 56.56 180.51 24.93
900 69.84 25.48 36.29 120.28 18.68
901 69.88 14.22 36.75 114.06 17.03
902 69.82 30.18 43.56 135.47 21.12
903 70.03 89.03 20.73 54.03 9.60
904 70.07 84.96 34.10 89.54 15.16
905 69.94 64.11 57.90 152.72 23.15
906 70.20 74.10 52.50 128.21 20.85
907 70.28 42.85 53.03 147.21 21.66
908 70.35 92.30 7.73 20.31 4.05
909 70.25 57.33 64.12 170.65 25.19
910 70.13 60.24 67.39 178.42 24.20
911 70.33 37.07 48.07 146.61 21.20
912 70.42 45.86 51.75 159.60 22.74
913 70.52 17.65 33.87 104.49 17.17
914 70.54 22.10 36.24 126.70 18.41
915 70.68 66.56 58.50 150.21 22.73
916 70.76 70.23 57.72 132.98 22.05
917 70.75 54.62 62.56 175.08 24.07
918 70.80 33.91 45.40 157.66 21.67
919 71.03 27.72 38.33 145.28 21.49
920 71.01 48.71 52.06 157.65 23.09
921 71.13 61.64 63.88 167.22 23.33
922 71.12 78.49 39.55 98.15 17.25
923 71.27 52.05 61.01 180.58 25.02
924 71.33 12.25 31.88 96.03 15.13
925 71.45 39.44 49.03 152.68 22.09
926 71.55 7.90 21.92 64.20 9.59
927 71.60 31.18 42.43 150.28 20.11
928 71.56 87.19 23.35 63.51 10.75
929 71.81 82.76 31.50 81.99 14.57
930 71.67 43.10 51.39 160.53 22.77
931 71.66 74.07 46.32 114.05 19.08
932 71.78 57.78 64.10 158.95 23.13
933 71.84 19.87 36.89 123.39 17.83
934 72.00 24.05 34.87 124.05 19.07
935 71.98 63.73 62.38 155.76 22.17
936 71.99 68.11 51.08 140.49 20.85
937 72.21 35.51 45.52 148.54 21.49
938 72.48 90.07 11.07 29.76 5.44
939 72.48 16.49 36.33 121.25 17.24
940 72.44 47.42 53.62 156.50 21.61
941 72.44 54.27 62.78 151.86 22.72
942 72.52 50.69 62.05 174.36 24.17
943 72.74 71.64 46.15 122.00 18.93
944 72.62 28.10 41.50 145.17 20.37
945 72.63 60.20 63.00 169.52 23.41
946 72.68 44.44 52.41 171.01 22.02
947 72.61 78.53 40.85 109.32 17.56
948 72.78 13.03 33.70 109.38 13.92
949 72.97 38.47 47.92 151.75 22.30
950 73.09 65.76 51.02 147.28 20.85
951 73.15 31.89 47.10 158.48 20.59
952 73.11 8.56 22.14 72.73 10.03
953 73.18 85.64 24.99 71.55 10.95
954 73.32 75.21 41.18 112.42 18.19
955 73.53 41.82 47.83 155.58 22.15
956 73.48 57.65 65.00 172.96 22.65
957 73.49 20.17 37.99 121.13 17.19
958 73.59 62.59 55.61 164.65 22.22
959 73.66 69.18 46.09 140.12 20.66
960 73.68 81.50 33.21 86.40 14.48
961 73.69 24.13 38.72 130.52 17.63
962 73.83 54.83 60.54 171.55 22.99
963 73.95 34.53 48.14 156.79 20.70
964 73.91 48.72 47.80 155.19 20.69
965 74.02 45.21 48.28 163.63 22.12
966 74.18 51.66 50.73 165.42 21.97
967 74.09 12.09 25.73 102.04 12.32
968 74.09 27.81 40.27 149.43 19.19
969 74.22 88.47 13.89 38.71 6.83
970 74.50 16.33 27.74 91.11 14.50
971 74.33 39.33 44.24 169.71 21.37
972 74.64 77.41 38.44 100.12 15.79
973 74.72 59.48 52.32 153.06 21.86
974 74.80 73.37 38.85 104.66 17.73
975 74.73 8.10 15.57 57.67 8.07
976 74.69 66.56 47.57 137.28 20.03
977 74.80 30.54 38.94 149.10 19.73
978 75.05 85.47 23.01 61.29 10.35
979 74.99 36.22 49.56 168.30 20.91
980 74.98 62.77 47.65 153.36 20.68
981 75.13 20.82 30.24 107.67 16.57
982 75.21 56.13 52.65 163.42 21.01
983 75.29 80.93 29.91 88.33 13.18
984 75.36 70.14 39.77 123.66 18.35
985 75.47 42.46 46.21 157.68 20.28
986 75.43 25.19 32.47 118.82 18.42
987 75.41 52.90 48.65 168.39 22.63
988 75.40 45.63 48.04 168.56 21.17
989 75.48 48.85 41.43 153.47 20.55
990 75.45 12.37 25.00 103.72 12.54
991 76.02 33.66 47.06 155.05 20.11
992 75.73 39.28 49.05 166.27 20.71
993 76.14 65.29 41.44 138.14 19.57
994 76.54 18.55 29.89 113.79 16.43
995 76.07 30.03 36.66 149.53 19.09
996 76.41 77.07 38.46 102.29 16.48
997 76.39 58.43 50.47 163.42 21.44
998 76.41 9.17 16.50 73.26 8.57
999 76.43 61.61 48.63 154.49 20.37
1000 76.48 84.13 23.83 77.91 10.23
1001 76.67 14.83 24.76 102.22 13.94
1002 76.56 36.62 53.08 174.64 19.52
1003 76.67 73.00 43.66 119.72 19.26
1004 76.66 50.91 43.12 153.52 20.80
1005 76.81 23.00 30.05 118.54 16.33
1006 76.70 54.87 48.65 159.18 21.10
1007 76.76 68.64 47.95 149.95 21.76
1008 77.06 27.37 33.40 140.75 18.58
1009 76.81 45.30 40.22 149.28 19.49
1010 77.01 87.30 11.79 31.57 5.64
1011 77.16 80.86 32.24 95.40 13.27
1012 77.18 40.96 47.73 168.26 21.06
1013 77.24 47.88 43.41 161.13 21.34
1014 77.58 31.45 38.56 147.62 19.62
1015 77.56 38.15 47.53 184.10 21.02
1016 77.77 11.26 19.90 93.51 10.51
1017 77.89 65.98 42.14 128.44 19.19
1018 78.00 43.17 36.74 132.83 19.55
1019 77.83 62.91 53.00 166.63 20.84
1020 78.06 59.77 47.02 142.84 19.20
1021 78.05 35.06 38.96 156.77 18.29
1022 77.98 51.67 38.91 139.73 18.95
1023 78.08 55.80 44.72 143.51 20.56
1024 78.19 76.52 30.72 100.57 14.76
1025 78.19 69.78 39.70 121.42 17.83
1026 78.40 20.38 28.63 108.42 15.40
1027 78.35 73.17 35.80 112.75 16.67
1028 78.60 16.89 24.86 119.08 15.34
1029 78.55 23.68 27.90 112.49 15.91
1030 78.59 83.50 19.36 57.96 9.03
1031 78.86 13.85 23.61 104.08 12.48
1032 78.86 79.60 27.03 87.03 12.43
1033 78.74 26.92 30.60 142.08 17.71
1034 78.67 46.75 36.09 121.10 18.93
1035 78.81 38.53 37.72 154.78 19.16
1036 79.12 32.92 38.73 176.43 18.80
1037 79.32 29.76 32.90 140.81 17.99
1038 79.27 9.23 10.86 55.34 7.43
1039 79.31 57.88 42.67 149.57 18.69
1040 79.36 52.34 43.21 151.45 19.92
1041 79.64 42.00 34.14 129.52 18.98
1042 79.29 63.43 41.21 131.24 18.78
1043 79.47 49.04 37.05 144.11 17.67
1044 79.58 67.95 35.94 117.46 17.68
1045 79.98 55.18 39.53 139.81 17.60
1046 80.09 71.38 35.33 110.80 16.66
1047 79.92 75.08 31.67 104.82 14.73
1048 80.21 60.32 41.61 125.31 18.56
1049 80.08 34.88 34.46 163.48 19.30
1050 80.01 38.34 37.22 168.14 17.81
1051 80.34 12.31 15.90 82.58 9.47
1052 80.32 17.93 25.61 112.64 14.51
1053 80.52 21.44 31.35 135.19 17.19
1054 80.43 44.55 36.80 149.65 18.95
1055 80.49 24.79 28.18 123.58 16.32
1056 80.56 81.47 17.02 61.73 9.31
1057 80.51 65.19 38.95 126.83 18.32
1058 80.83 77.98 25.28 81.83 12.27
1059 80.97 27.86 26.86 134.32 16.11
1060 80.99 31.39 32.85 146.46 17.69
1061 80.83 48.27 33.23 134.79 18.13
1062 80.93 52.48 36.95 131.76 17.23
1063 81.17 39.27 41.72 171.26 19.63
1064 81.56 15.33 22.71 101.95 11.68
1065 81.54 56.26 36.87 123.80 16.97
1066 81.48 35.30 37.76 156.98 18.94
1067 81.44 68.30 35.16 115.20 16.32
1068 81.61 73.48 30.87 102.00 15.55
1069 81.79 63.45 34.48 121.29 17.49
1070 81.71 59.95 37.90 132.76 17.64
1071 81.89 42.14 35.90 148.16 16.99
1072 81.85 45.46 36.83 160.28 17.52
1073 81.87 83.79 7.84 29.25 4.73
1074 82.09 11.69 12.17 60.82 7.06
1075 82.15 19.07 23.28 105.49 13.28
1076 82.15 51.15 34.03 136.91 16.65
1077 82.21 23.84 27.42 130.04 17.82
1078 82.34 79.49 18.53 71.01 9.88
1079 82.71 48.32 30.15 136.93 17.19
1080 82.29 29.12 25.99 126.77 16.19
1081 82.60 32.18 30.86 145.83 18.20
1082 82.41 37.69 35.91 147.12 16.65
1083 82.75 70.31 31.59 109.63 14.60
1084 82.87 76.29 23.30 81.08 10.93
1085 82.74 27.36 28.24 126.37 15.74
1086 83.00 66.56 31.28 109.97 16.24
1087 83.20 53.09 34.23 133.00 17.93
1088 83.11 40.53 40.22 167.11 18.67
1089 83.17 58.96 33.75 121.56 17.70
1090 83.58 55.70 31.16 121.13 17.21
1091 83.43 15.73 19.96 97.47 11.29
1092 83.59 35.28 38.47 152.87 18.19
1093 83.35 44.76 31.61 144.25 18.30
1094 83.48 63.05 33.29 119.87 16.30
1095 83.57 19.98 21.68 114.44 13.42
1096 83.65 73.39 27.96 96.02 13.08
1097 83.70 11.76 8.41 47.09 5.83
1098 83.73 24.04 23.61 121.42 15.16
1099 84.03 28.59 29.83 137.74 16.63
1100 84.13 38.05 32.70 154.72 17.24
1101 84.16 32.20 31.74 156.35 17.84
1102 84.35 50.53 31.96 133.03 17.18
1103 84.50 79.01 15.04 42.06 6.67
1104 84.42 41.44 29.66 138.81 17.47
1105 84.33 69.97 27.04 99.26 14.05
1106 84.56 47.00 31.62 142.83 16.12
1107 84.56 60.80 33.96 121.32 16.61
1108 84.80 65.29 27.59 109.08 15.09
1109 85.08 75.28 19.26 70.81 10.10
1110 84.84 57.54 32.14 122.76 16.90
1111 85.07 15.16 12.21 70.45 8.30
1112 85.09 25.43 29.47 142.15 16.85
1113 85.15 43.73 31.70 146.82 16.63
1114 85.01 20.11 22.85 112.30 13.22
1115 85.83 52.11 30.05 129.26 15.89
1116 85.83 55.05 27.29 111.12 16.71
1117 85.47 34.08 24.93 134.40 16.55
1118 85.58 29.40 27.73 135.27 16.57
1119 85.66 68.17 28.26 107.45 13.90
1120 85.72 37.53 28.50 159.08 17.00
1121 85.90 71.54 24.64 96.16 12.53
1122 85.91 48.47 31.29 139.68 16.87
1123 86.15 62.14 27.75 105.85 15.57
1124 85.58 58.42 31.98 120.76 17.33
1125 86.19 40.75 26.04 130.28 16.43
1126 86.22 22.45 23.16 122.56 13.39
1127 86.51 77.78 9.15 35.00 5.52
1128 86.28 19.38 18.62 103.68 11.63
1129 86.48 44.76 31.56 135.21 16.94
1130 86.55 65.51 26.65 109.07 14.18
1131 86.69 18.16 18.86 110.96 10.46
1132 86.69 31.12 27.82 144.38 16.17
1133 86.77 25.86 24.86 122.13 14.36
1134 86.74 58.61 27.86 116.66 15.69
1135 87.02 15.33 8.90 68.11 7.25
1136 86.92 73.98 20.26 68.47 9.44
1137 87.21 35.20 26.32 146.31 17.11
1138 87.37 69.33 23.08 82.59 11.35
1139 87.29 49.31 31.90 137.01 15.96
1140 87.66 38.22 26.05 139.90 16.86
1141 87.73 52.32 29.41 127.24 16.70
1142 87.97 55.27 29.18 117.93 15.88
1143 87.89 41.60 27.26 131.86 17.77
1144 88.01 27.48 20.95 117.89 14.88
1145 87.82 45.38 32.33 136.71 16.86
1146 88.01 22.55 19.43 108.53 12.55
1147 88.13 61.78 24.59 109.64 15.46
1148 88.12 31.67 25.32 127.02 15.87
1149 88.07 65.17 23.62 97.69 13.83
1150 88.18 18.74 14.18 93.28 10.09
1151 88.37 58.41 29.44 120.00 15.51
1152 88.34 74.83 9.10 38.41 5.88
1153 88.73 48.45 31.07 135.34 16.16
1154 88.73 70.57 17.70 69.81 8.75
1155 89.15 16.41 7.55 55.60 6.65
1156 89.23 34.44 25.18 132.06 15.73
1157 89.32 38.13 27.37 149.27 16.94
1158 89.46 66.80 17.89 86.27 10.82
1159 89.61 24.45 18.52 112.05 12.85
1160 89.35 45.08 27.20 135.31 16.37
1161 89.44 51.69 25.86 121.91 16.39
1162 89.11 28.55 21.54 112.94 13.52
1163 89.65 41.65 28.37 143.99 16.71
1164 89.74 60.36 22.49 109.21 13.47
1165 89.84 20.85 17.31 98.75 10.40
1166 89.88 57.06 24.78 108.73 14.17
1167 89.97 30.76 25.49 144.80 17.04
1168 90.26 63.31 20.18 88.83 11.77
1169 90.00 27.29 18.01 119.87 13.93
1170 90.41 54.36 24.42 116.54 15.47
1171 90.47 70.19 11.76 51.90 7.44
1172 90.43 47.57 26.80 121.21 16.02
1173 90.68 17.98 8.45 65.13 6.37
1174 90.98 36.45 23.65 126.06 18.09
1175 91.11 44.10 23.48 118.40 16.47
1176 91.08 50.78 25.13 126.66 15.38
1177 91.07 66.55 14.21 79.69 9.22
1178 90.94 33.06 22.95 108.59 15.12
1179 91.27 40.45 26.50 132.07 16.72
1180 91.38 23.12 15.18 95.82 10.68
1181 91.46 60.01 20.35 93.69 12.56
1182 91.65 31.60 20.37 107.50 15.14
1183 92.13 56.94 20.61 99.89 13.77
1184 92.12 53.50 23.15 105.33 14.18
1185 91.86 48.20 23.55 106.14 15.68
1186 92.14 63.92 14.35 70.66 9.26
1187 92.29 68.56 7.08 34.55 5.41
1188 92.53 20.22 9.60 69.33 7.06
1189 92.68 37.50 24.01 131.26 16.43
1190 92.89 44.91 24.57 113.12 16.42
1191 92.98 29.51 19.26 109.76 13.06
1192 93.16 33.80 19.26 108.57 14.70
1193 93.00 41.04 24.99 114.24 15.84
1194 92.50 47.76 21.21 118.62 15.94
1195 93.39 23.40 12.51 83.07 8.56
1196 93.28 60.75 16.60 82.95 9.42
1197 93.42 49.44 21.68 107.13 14.64
1198 93.68 53.44 19.77 95.47 12.29
1199 93.72 64.30 9.17 53.44 6.77
1200 93.91 57.22 19.64 96.74 11.18
1201 94.40 26.85 15.02 97.41 10.32
1202 94.40 42.77 23.35 111.93 15.02
1203 94.49 37.53 20.28 111.30 14.72
1204 94.66 30.96 16.74 105.92 11.97
1205 94.67 47.05 20.15 103.33 13.29
1206 94.97 51.20 20.07 97.57 11.82
1207 95.04 59.53 12.66 73.33 7.34
1208 95.24 23.60 9.73 73.76 6.76
1209 95.67 54.75 15.25 74.67 8.88
1210 95.77 33.84 17.63 107.34 11.39
1211 95.83 41.11 18.08 104.60 12.34
1212 95.98 44.84 18.42 100.98 11.94
1213 96.15 37.66 19.87 115.00 13.45
1214 96.26 49.15 16.27 87.68 10.40
1215 96.53 29.24 13.85 91.23 8.76
1216 96.24 30.91 15.43 91.22 11.04
1217 96.38 58.79 8.72 48.05 5.40
1218 97.46 52.13 9.79 52.37 6.84
1219 97.50 35.98 16.60 105.62 10.01
1220 97.59 43.30 14.81 89.72 10.00
1221 97.65 39.56 15.35 92.50 9.14
1222 97.55 32.37 15.28 101.69 8.82
1223 97.60 47.39 12.10 78.31 8.30
1224 99.27 43.55 3.82 28.81 3.23

