#<Embryo name> <Cleavage cycle> <Temporal class> <Genes>
ac21 13  - even-skipped caudal bicoid

#Quantitative data
#<Nucleus number> <A-P coordinate> <D-V coordinate> <Fluorescence intensity: channel 1 - eve, channel 2 - cad, channel 3 - bcd>
0 2.10 51.86 5.03 11.57 54.08
1 3.49 43.67 11.95 20.25 124.89
2 3.73 48.53 13.85 26.63 142.89
3 3.76 36.61 5.94 10.13 58.55
4 3.93 52.87 13.86 25.20 133.41
5 4.02 58.43 5.04 12.79 50.02
6 4.49 40.33 13.79 22.82 139.56
7 5.42 45.39 21.43 36.83 176.44
8 5.46 54.33 19.18 35.52 165.52
9 5.69 37.64 14.53 22.83 132.53
10 5.81 33.61 7.82 11.20 65.44
11 5.75 58.39 10.15 21.07 104.19
12 5.82 49.43 23.45 40.24 194.36
13 6.47 41.98 23.52 37.42 185.26
14 6.97 61.22 10.35 22.42 96.36
15 7.06 53.26 24.43 44.23 194.41
16 7.37 37.35 21.32 30.12 166.08
17 7.90 56.48 23.01 41.90 171.00
18 7.48 49.04 28.36 48.32 195.68
19 7.76 45.17 27.98 41.44 191.43
20 7.65 33.06 12.19 17.02 107.91
21 7.69 66.17 4.58 13.07 31.83
22 8.32 41.65 29.19 40.81 189.97
23 8.60 59.51 22.19 40.50 166.18
24 8.61 62.93 14.14 28.44 112.06
25 8.77 52.14 27.96 50.44 197.43
26 9.06 38.63 29.62 40.90 190.26
27 9.07 66.30 7.97 19.42 61.81
28 9.12 47.72 31.66 47.83 195.36
29 9.19 35.42 26.15 33.45 177.62
30 9.32 28.06 5.63 8.59 43.28
31 9.50 31.49 12.73 18.16 103.43
32 9.80 55.11 31.55 52.12 192.41
33 10.05 43.77 32.76 42.18 179.07
34 10.46 69.22 6.75 15.96 39.53
35 10.32 50.85 35.28 53.74 198.77
36 10.57 58.09 29.06 50.53 171.46
37 10.55 61.53 26.28 45.94 167.02
38 10.65 40.28 29.82 41.20 175.18
39 10.47 65.31 16.41 30.43 113.13
40 10.77 27.47 8.12 10.97 60.94
41 10.81 47.35 37.57 50.70 188.71
42 10.69 35.16 26.15 33.48 161.13
43 11.23 31.60 19.28 25.57 143.91
44 11.39 54.03 36.00 57.76 191.00
45 11.89 37.07 31.00 40.10 170.03
46 11.72 64.53 23.29 45.59 148.62
47 11.94 45.48 37.95 50.70 187.31
48 11.91 50.74 41.55 56.49 195.15
49 12.37 42.64 36.40 44.94 180.57
50 12.07 69.55 10.31 23.36 63.81
51 12.25 59.65 34.15 51.72 171.42
52 12.44 25.37 7.44 10.74 51.30
53 12.45 29.35 17.89 21.92 122.08
54 12.51 40.02 35.48 43.69 183.09
55 12.63 56.42 37.76 57.81 180.77
56 12.74 33.98 28.54 34.61 153.47
57 13.01 49.04 39.64 52.97 175.81
58 13.04 62.79 31.17 54.97 163.15
59 12.48 73.77 5.52 14.24 19.72
60 13.38 66.34 24.10 43.83 132.55
61 13.33 53.14 38.37 53.68 171.65
62 13.69 73.89 6.78 16.95 31.50
63 13.83 23.67 7.19 9.66 42.59
64 13.50 45.12 38.85 51.15 185.71
65 13.63 70.38 16.61 32.38 88.19
66 13.86 38.87 32.17 39.62 151.44
67 13.99 32.18 28.23 34.67 145.19
68 14.08 28.16 19.16 22.55 110.00
69 14.12 59.08 38.47 53.82 158.16
70 14.69 43.33 36.34 42.20 147.56
71 14.35 35.81 34.35 41.79 164.56
72 14.31 47.88 41.43 53.07 176.54
73 14.59 55.77 41.62 54.90 168.12
74 14.69 62.36 38.04 58.02 164.45
75 14.96 52.06 42.09 54.51 162.07
76 14.93 68.02 28.55 50.43 137.31
77 15.25 21.79 6.73 8.85 36.86
78 15.31 71.64 17.68 35.27 86.67
79 15.52 25.35 17.18 18.45 87.14
80 15.47 75.48 9.33 20.11 35.92
81 15.42 49.19 49.54 58.78 192.53
82 15.61 65.44 37.90 60.44 152.80
83 15.89 39.38 36.71 44.26 143.96
84 15.53 32.46 30.78 36.28 140.41
85 15.65 36.67 38.98 46.89 174.51
86 15.74 29.18 27.80 31.50 124.91
87 16.10 58.86 44.56 56.30 153.53
88 16.41 41.62 42.98 48.63 159.36
89 16.09 54.90 47.20 59.82 159.38
90 16.57 46.77 43.89 50.13 155.14
91 16.39 62.60 43.71 58.35 143.52
92 16.55 44.16 50.61 50.04 169.92
93 16.92 34.06 38.71 39.56 138.76
94 16.71 50.38 47.99 55.95 163.14
95 16.63 21.54 10.85 10.92 49.78
96 16.70 72.42 24.34 42.36 100.17
97 17.02 67.23 37.30 55.17 132.22
98 17.09 27.81 31.38 33.50 118.39
99 17.57 23.91 20.49 21.24 82.76
100 17.48 37.52 40.35 43.80 142.28
101 17.50 57.09 52.85 61.76 162.63
102 17.56 53.36 51.82 54.61 155.09
103 17.78 31.04 35.36 37.71 122.25
104 17.76 75.59 18.43 33.09 72.74
105 17.90 60.92 46.68 58.49 144.33
106 17.99 49.49 49.99 56.16 156.24
107 18.08 70.68 36.82 54.65 116.78
108 18.15 41.30 47.76 47.39 141.92
109 18.31 64.12 45.18 60.62 134.14
110 18.38 44.79 53.19 50.72 147.99
111 18.41 19.68 10.54 10.55 39.28
112 18.59 34.88 46.15 43.34 138.61
113 18.72 27.42 33.50 33.71 109.25
114 18.77 67.31 53.06 66.45 140.51
115 18.98 47.86 50.19 56.63 152.68
116 19.03 55.80 59.65 62.52 162.41
117 19.19 52.52 52.95 55.08 142.61
118 19.10 74.33 29.50 47.79 94.07
119 19.23 58.97 54.94 60.43 148.58
120 19.48 37.48 48.53 47.06 130.73
121 19.36 31.32 38.94 38.17 100.47
122 19.51 21.76 21.56 20.23 74.52
123 19.76 40.20 52.34 46.05 133.01
124 19.88 62.76 54.56 57.70 129.49
125 19.89 70.28 45.54 58.86 115.70
126 20.09 78.20 18.60 32.68 59.49
127 20.16 43.11 55.44 48.52 131.37
128 19.97 25.27 34.17 33.46 101.59
129 20.30 18.10 11.35 11.08 34.60
130 20.45 46.25 58.52 52.33 133.96
131 20.38 49.47 55.91 55.07 139.47
132 20.34 66.33 50.95 61.67 124.28
133 20.31 34.27 47.97 46.73 129.69
134 20.50 28.29 38.88 34.56 102.26
135 20.69 56.13 57.95 56.72 130.16
136 20.90 52.34 59.36 56.71 134.81
137 20.72 59.97 60.70 64.45 135.01
138 20.71 74.13 44.10 59.58 112.46
139 21.29 32.16 51.57 45.01 113.72
140 21.30 23.91 37.83 30.49 89.34
141 21.32 37.26 55.13 50.72 138.00
142 21.56 71.27 55.31 66.14 120.77
143 21.80 40.02 55.86 47.11 121.00
144 21.65 80.41 17.25 29.44 44.62
145 21.78 20.39 27.84 21.97 69.26
146 21.68 63.63 60.18 59.84 118.66
147 21.74 68.05 56.00 66.16 118.60
148 21.85 76.61 41.89 54.99 99.49
149 22.16 42.80 56.74 47.63 116.27
150 22.09 54.91 65.98 57.82 130.30
151 22.16 45.88 64.77 54.34 133.58
152 22.29 83.08 11.37 24.40 25.24
153 22.22 30.03 47.75 42.95 105.82
154 22.22 49.21 60.95 54.06 126.72
155 22.13 59.51 62.06 59.88 124.42
156 22.37 17.24 12.62 12.50 37.24
157 22.55 26.88 48.10 37.66 94.39
158 22.51 35.30 56.80 48.59 116.19
159 22.87 73.50 60.17 68.07 112.00
160 23.03 52.20 66.86 60.08 131.85
161 22.99 23.24 45.78 33.05 84.49
162 23.11 66.67 64.33 62.89 116.24
163 23.29 57.49 67.62 60.31 121.68
164 23.05 62.98 68.77 63.97 129.11
165 23.53 81.03 30.33 40.31 60.91
166 23.48 38.93 58.52 50.23 116.12
167 23.71 33.65 57.09 44.67 102.22
168 23.70 70.31 65.42 66.27 107.31
169 23.56 77.16 50.11 56.41 88.23
170 23.36 15.17 10.00 9.54 22.51
171 23.50 46.01 61.40 51.77 117.50
172 23.94 60.22 76.71 64.54 130.64
173 23.93 30.39 55.81 44.15 107.13
174 24.10 55.27 66.49 57.47 116.14
175 24.06 42.51 59.14 48.78 104.71
176 24.27 20.92 38.63 27.91 71.47
177 24.23 17.25 18.68 15.14 44.13
178 24.35 49.76 69.60 54.06 110.24
179 23.83 63.35 65.05 64.86 117.36
180 24.58 24.66 49.84 37.96 82.28
181 24.58 27.67 57.79 43.65 98.72
182 24.17 47.10 65.76 57.85 115.53
183 24.73 37.05 60.44 47.42 102.91
184 24.69 65.62 68.01 65.25 109.27
185 24.67 74.39 60.19 63.75 92.51
186 25.02 83.39 23.21 34.23 44.33
187 24.83 14.50 10.28 9.83 21.63
188 25.08 53.15 83.06 64.19 130.74
189 25.22 62.27 70.23 59.46 104.15
190 25.24 45.63 68.54 54.84 104.27
191 24.90 68.91 73.50 63.42 107.67
192 25.24 79.20 50.87 61.18 79.68
193 25.41 58.67 70.03 54.36 98.85
194 25.37 32.39 61.91 45.79 100.12
195 25.73 39.75 67.55 50.06 101.19
196 25.88 72.08 77.46 71.15 104.43
197 25.94 42.61 74.13 56.42 109.02
198 25.43 13.93 12.12 9.47 19.90
199 25.87 18.55 32.56 21.51 54.64
200 26.08 22.02 47.09 33.47 71.28
201 26.22 48.24 76.84 58.58 110.14
202 25.75 68.70 71.66 67.75 96.17
203 26.15 35.15 73.46 53.75 106.38
204 26.34 55.14 80.26 59.24 105.83
205 26.23 29.09 62.70 43.66 90.07
206 26.32 51.34 73.95 57.54 105.46
207 26.27 75.96 71.07 68.67 95.11
208 26.67 15.14 21.98 15.83 38.75
209 26.53 25.20 58.29 39.83 79.84
210 26.43 65.43 82.67 66.55 105.30
211 26.47 86.22 16.58 28.94 25.98
212 26.95 83.49 39.50 46.86 58.11
213 26.76 57.97 96.82 66.27 123.45
214 26.98 62.25 82.59 61.74 101.76
215 27.03 79.38 62.48 62.69 81.81
216 27.20 37.59 80.00 52.63 99.88
217 27.14 45.10 74.87 54.85 97.58
218 27.25 68.45 87.13 67.51 101.07
219 27.26 32.29 73.27 48.32 91.23
220 27.49 71.74 92.48 74.49 103.20
221 27.79 40.62 75.95 49.93 84.65
222 27.68 18.53 48.24 30.47 59.63
223 27.75 27.03 69.81 43.44 81.85
224 27.77 49.49 90.79 63.37 110.12
225 27.87 75.38 72.37 69.25 86.21
226 27.89 53.41 84.01 55.54 99.39
227 27.99 22.41 60.75 34.27 66.67
228 28.01 59.79 100.91 69.02 111.71
229 28.17 87.61 19.14 28.75 23.54
230 28.24 56.72 101.18 64.84 108.20
231 28.31 34.91 79.61 51.41 94.21
232 28.40 64.87 84.80 60.75 92.85
233 28.63 13.01 23.14 14.54 31.25
234 28.61 30.43 84.44 53.58 86.14
235 28.44 81.60 69.51 72.64 78.13
236 29.30 16.35 44.93 25.72 49.36
237 28.85 42.97 86.42 58.76 97.43
238 28.76 46.13 79.50 56.74 92.00
239 28.31 85.56 27.31 36.59 31.29
240 28.94 67.88 93.87 68.72 94.40
241 28.96 61.82 94.07 66.17 100.43
242 29.37 79.17 65.77 65.61 65.36
243 29.05 72.12 86.32 73.23 91.52
244 29.35 37.45 78.10 52.15 84.46
245 29.37 52.30 88.66 58.92 95.53
246 29.30 27.36 77.60 48.09 78.15
247 29.21 49.32 83.19 63.09 98.36
248 29.39 84.58 54.39 56.62 57.30
249 29.55 23.98 68.82 39.50 67.50
250 29.52 20.18 67.23 40.36 66.95
251 29.54 75.22 87.31 68.71 83.91
252 29.76 55.73 108.68 69.13 106.76
253 29.82 33.73 77.86 52.39 87.88
254 30.01 40.30 91.06 55.74 86.09
255 29.89 58.74 101.64 63.22 90.29
256 30.02 88.25 27.16 35.72 30.96
257 30.29 62.90 99.05 67.01 90.69
258 30.23 69.66 101.41 76.72 93.81
259 30.52 13.15 34.21 18.35 37.22
260 30.33 47.65 94.65 65.10 97.55
261 30.50 29.91 85.81 53.43 77.16
262 30.60 65.82 107.43 70.32 88.54
263 30.57 44.59 85.23 53.53 82.79
264 30.22 75.59 88.69 72.50 72.60
265 30.91 53.83 114.54 71.89 104.03
266 31.09 50.71 95.39 61.58 85.36
267 30.87 84.06 72.06 69.02 66.34
268 31.00 19.34 69.12 41.01 67.57
269 31.16 26.63 84.39 50.95 73.75
270 31.20 77.67 81.24 71.25 77.19
271 31.29 72.01 96.95 71.64 87.09
272 31.34 80.74 85.18 73.97 72.25
273 31.08 37.49 84.09 46.94 70.38
274 31.21 59.92 110.25 73.03 98.52
275 31.18 10.36 21.26 13.04 23.13
276 31.48 23.19 77.44 44.45 66.79
277 31.24 33.23 96.64 58.21 85.06
278 31.49 41.90 103.34 65.14 92.34
279 31.74 74.70 93.44 72.56 75.73
280 31.79 56.67 104.77 68.41 89.65
281 31.81 87.22 52.15 48.76 44.19
282 31.89 16.31 64.90 38.86 57.29
283 31.82 68.71 108.71 80.47 92.95
284 31.99 47.44 102.22 62.93 86.26
285 32.11 62.41 107.84 72.10 88.34
286 32.01 39.06 82.16 46.25 59.51
287 32.32 35.23 95.26 56.43 75.41
288 32.17 30.25 91.07 55.39 75.26
289 32.24 66.03 112.76 73.89 85.40
290 32.71 13.47 51.25 25.47 42.98
291 32.53 44.43 112.33 69.53 90.63
292 32.52 53.30 115.55 70.74 90.76
293 32.62 9.77 24.49 15.67 25.22
294 32.68 19.89 70.15 43.62 61.43
295 32.87 81.98 80.02 65.24 56.00
296 32.85 50.22 106.38 64.41 83.21
297 33.00 59.53 108.48 69.05 88.66
298 33.42 28.15 85.48 47.78 61.98
299 32.84 77.47 76.37 62.24 57.91
300 33.12 11.60 45.59 24.00 34.07
301 33.20 24.40 85.31 47.43 63.07
302 33.08 71.46 98.86 72.24 76.14
303 33.16 40.92 105.30 62.30 82.57
304 33.36 87.54 59.39 58.76 51.46
305 33.53 37.71 98.75 57.89 73.19
306 33.38 75.65 91.16 68.83 69.86
307 33.48 65.02 123.79 78.68 87.31
308 33.53 55.54 107.33 70.18 83.97
309 33.60 32.16 94.95 58.23 76.52
310 34.00 16.49 70.10 37.83 52.48
311 33.81 47.01 115.44 71.20 86.18
312 33.74 68.34 105.92 62.33 74.07
313 33.53 90.16 31.00 34.48 24.44
314 34.05 62.42 117.06 74.10 83.69
315 34.36 35.23 88.62 57.53 70.90
316 34.24 78.98 100.48 78.49 70.33
317 33.89 84.23 79.11 70.46 61.98
318 34.15 52.25 123.17 80.37 94.70
319 34.08 8.53 20.52 13.02 19.10
320 34.18 43.94 102.57 63.74 76.74
321 34.15 20.40 81.46 45.62 56.95
322 34.45 57.33 112.60 68.67 78.04
323 34.62 49.54 112.20 78.01 85.34
324 34.52 73.51 99.56 74.48 75.42
325 34.47 13.28 72.54 31.58 45.62
326 34.81 10.76 48.05 24.06 33.66
327 34.87 40.66 100.66 60.63 68.98
328 34.84 25.63 91.21 51.36 62.84
329 34.96 88.95 44.00 48.42 35.85
330 35.04 60.29 114.12 77.39 80.84
331 34.56 68.53 103.10 73.02 67.73
332 34.78 84.87 67.43 70.45 50.09
333 35.42 22.45 87.64 46.49 55.88
334 35.09 31.52 93.37 59.63 70.61
335 35.04 65.44 108.11 72.31 73.04
336 35.24 70.56 100.50 72.78 69.22
337 35.29 81.88 93.82 76.38 63.44
338 35.36 76.06 106.58 84.89 76.74
339 35.49 28.25 99.65 60.81 70.96
340 35.38 53.36 111.87 71.65 77.24
341 35.39 7.67 17.18 9.72 12.07
342 35.83 38.33 97.49 58.35 64.39
343 35.63 46.74 119.00 74.75 79.85
344 35.86 14.90 77.79 42.50 50.22
345 35.90 18.62 82.07 45.67 54.74
346 35.68 43.66 106.55 65.31 74.33
347 35.90 57.86 112.96 74.30 78.50
348 36.00 35.15 91.28 57.28 62.86
349 36.11 62.42 117.57 80.94 80.90
350 36.18 67.57 118.08 86.74 77.79
351 36.36 78.43 93.56 76.00 63.06
352 36.30 10.51 50.71 26.65 37.23
353 36.43 49.03 112.94 70.67 73.04
354 36.45 86.54 69.81 68.27 49.74
355 36.59 73.85 103.31 78.61 67.85
356 36.67 55.22 116.84 78.68 77.73
357 36.83 31.25 96.53 59.49 63.67
358 36.79 51.82 127.37 81.64 84.83
359 36.98 24.34 102.98 57.75 60.29
360 36.48 41.30 99.25 56.20 59.51
361 36.74 64.84 118.79 80.03 80.77
362 36.92 70.38 103.86 74.67 67.09
363 36.88 82.16 84.08 79.78 59.25
364 36.88 27.56 108.13 65.53 69.02
365 37.42 7.87 25.88 16.06 19.88
366 37.00 20.83 91.85 52.86 59.24
367 37.09 44.28 107.02 69.23 69.86
368 37.46 60.86 118.82 78.09 74.62
369 37.51 13.48 74.26 40.34 43.26
370 37.43 34.94 105.96 68.46 71.36
371 37.56 57.85 122.86 79.90 72.16
372 37.33 40.79 93.70 60.70 60.54
373 37.89 17.23 79.87 42.67 46.04
374 37.92 38.10 105.29 62.47 63.02
375 37.42 65.09 107.29 94.31 70.52
376 37.88 49.65 141.84 91.33 87.88
377 37.96 53.49 130.02 88.30 82.52
378 38.09 68.03 111.28 83.14 70.97
379 38.00 77.33 89.33 72.98 57.21
380 38.00 89.81 49.47 54.91 39.02
381 38.31 44.71 111.40 67.76 67.95
382 38.22 85.70 69.83 86.92 48.05
383 37.74 20.39 84.23 57.17 51.97
384 38.53 47.43 116.42 78.83 71.24
385 38.16 72.79 99.95 75.01 58.16
386 38.19 28.52 111.43 64.76 66.43
387 38.45 64.33 124.64 86.87 77.02
388 38.54 22.45 100.27 56.31 61.30
389 38.43 81.83 83.88 79.94 57.38
390 38.52 33.29 104.00 62.49 63.99
391 38.77 9.98 54.82 36.44 31.99
392 38.45 11.49 67.12 27.38 33.56
393 38.90 25.39 113.20 61.87 61.47
394 38.92 55.76 122.82 81.71 73.06
395 38.94 41.47 99.15 64.45 60.37
396 39.19 31.04 103.36 66.55 60.25
397 39.09 50.96 126.99 87.59 77.88
398 39.27 19.48 88.39 53.71 51.29
399 39.11 59.15 124.34 83.59 72.11
400 39.33 14.03 77.77 44.06 40.52
401 39.38 62.02 129.26 97.40 77.77
402 39.61 36.02 99.97 63.84 57.46
403 39.53 75.02 95.06 76.99 57.24
404 39.54 79.20 91.34 85.77 60.44
405 39.56 92.05 33.80 38.68 23.73
406 39.68 66.81 118.13 89.13 69.98
407 39.86 38.82 99.33 69.74 59.44
408 39.77 28.57 104.09 66.14 56.14
409 39.78 45.09 115.45 74.06 69.08
410 39.98 53.36 123.05 93.82 76.52
411 40.05 84.41 82.97 72.46 46.09
412 40.13 9.00 43.04 23.56 27.73
413 40.34 16.82 90.62 56.99 48.63
414 40.37 47.95 106.84 79.44 66.18
415 40.27 22.47 103.88 63.75 56.16
416 40.45 33.21 106.72 70.42 61.49
417 40.39 56.74 116.67 82.91 65.99
418 40.65 63.11 117.14 85.74 67.03
419 40.59 72.17 103.41 89.41 64.55
420 40.65 26.32 97.44 59.77 54.06
421 40.37 41.37 101.36 64.57 60.58
422 40.75 50.84 113.70 85.06 67.81
423 41.31 6.20 25.11 16.97 15.81
424 40.49 81.71 81.92 64.82 48.54
425 40.93 13.27 76.82 46.80 41.76
426 41.09 59.88 128.09 82.97 65.74
427 40.92 90.94 50.20 51.92 33.05
428 41.29 87.56 70.47 72.00 42.95
429 41.04 78.29 89.01 87.62 59.05
430 41.04 65.88 121.26 97.17 68.58
431 41.35 19.45 96.35 60.22 50.43
432 41.33 30.58 97.25 71.21 58.29
433 41.51 68.94 108.75 84.31 60.05
434 41.23 44.29 108.36 80.48 65.24
435 41.48 75.14 93.39 80.82 54.32
436 41.38 37.74 100.07 64.87 56.83
437 41.03 41.57 104.89 81.07 60.29
438 41.62 9.65 57.45 36.92 30.10
439 41.41 81.56 83.93 81.31 49.13
440 41.62 53.63 110.32 84.08 62.37
441 41.72 57.17 139.85 101.45 75.75
442 41.82 22.97 98.85 60.19 50.26
443 41.94 46.78 125.08 100.10 78.27
444 42.10 34.83 101.52 69.13 55.26
445 42.31 49.10 114.86 85.49 66.86
446 42.24 84.31 85.56 85.28 48.98
447 42.10 26.15 103.60 70.62 59.38
448 42.26 71.81 99.41 88.38 59.56
449 42.33 16.11 81.09 53.39 43.77
450 42.18 41.56 107.59 78.30 61.36
451 42.31 62.34 115.56 84.99 60.30
452 42.37 91.78 37.34 46.73 27.35
453 42.36 65.71 116.68 98.02 65.81
454 42.85 12.62 70.44 44.03 31.47
455 42.64 28.85 105.68 79.33 59.75
456 42.74 77.40 84.71 83.24 50.75
457 42.81 7.87 41.37 28.94 27.71
458 42.98 31.92 97.11 65.38 50.48
459 43.00 58.24 115.48 82.64 58.14
460 42.89 38.47 110.64 78.43 60.95
461 42.90 55.43 139.09 105.86 74.81
462 42.97 44.79 107.97 83.82 60.10
463 43.12 50.81 124.16 107.38 74.21
464 43.00 19.63 89.45 61.64 46.62
465 43.21 80.65 81.16 85.76 49.49
466 43.40 52.95 126.60 99.95 68.00
467 43.46 74.14 96.79 87.40 55.00
468 43.47 86.26 71.55 80.01 42.63
469 43.31 67.91 111.04 98.13 61.97
470 43.45 23.07 103.63 73.11 51.44
471 43.39 90.22 51.04 57.18 40.62
472 43.63 60.67 120.60 93.52 60.04
473 43.52 5.88 21.47 16.22 13.16
474 43.78 26.03 92.35 73.67 52.21
475 43.75 64.36 111.72 89.70 60.18
476 43.76 35.49 103.31 74.62 55.28
477 43.54 93.68 21.37 30.04 14.91
478 43.84 42.25 116.62 89.15 64.35
479 43.97 70.77 101.93 93.01 55.86
480 43.84 16.81 79.05 55.26 41.28
481 44.09 9.95 54.66 39.98 28.17
482 44.29 46.28 118.27 96.99 65.77
483 44.35 49.24 111.38 93.90 64.45
484 44.33 28.93 96.84 73.36 50.47
485 44.54 82.98 78.56 82.20 45.17
486 44.06 89.34 47.99 66.27 32.72
487 44.28 38.88 108.68 79.91 55.94
488 44.44 55.26 115.38 89.90 59.28
489 44.25 76.28 88.16 86.30 53.70
490 44.51 32.66 106.81 85.43 57.98
491 44.81 14.27 77.97 58.39 39.40
492 44.61 20.67 100.90 70.31 47.28
493 44.65 58.06 114.35 90.78 58.13
494 44.72 77.49 74.79 79.42 44.72
495 44.79 62.03 114.94 100.26 61.02
496 44.83 67.41 99.92 85.13 53.63
497 45.19 7.38 35.12 29.18 22.53
498 44.95 93.64 25.35 32.38 15.65
499 44.90 5.01 17.81 15.01 11.52
500 45.05 52.42 113.50 102.77 63.98
501 45.16 86.78 70.37 82.41 41.08
502 45.45 80.27 73.99 81.72 42.95
503 45.26 23.96 97.17 71.74 49.00
504 45.27 72.57 91.82 89.05 50.93
505 45.21 91.31 45.02 48.74 26.64
506 45.44 43.79 102.59 86.57 55.76
507 45.29 40.74 109.44 89.51 55.50
508 45.43 36.02 107.05 82.01 55.68
509 45.61 11.16 63.47 53.90 31.80
510 45.73 90.01 51.88 62.66 30.02
511 45.67 17.58 81.66 65.45 40.91
512 45.84 63.92 109.94 99.27 57.51
513 45.91 26.97 86.77 68.12 43.29
514 45.67 30.44 104.58 84.59 51.47
515 45.77 48.71 107.48 103.68 58.82
516 45.96 58.65 113.91 102.25 59.50
517 46.07 46.34 117.25 109.02 61.22
518 46.12 55.55 101.60 86.43 54.34
519 46.39 69.51 86.69 79.56 43.27
520 46.20 77.31 78.53 81.20 42.38
521 46.03 83.97 77.41 79.81 43.92
522 46.31 61.29 100.37 94.79 50.79
523 46.48 50.83 99.98 96.35 56.95
524 46.35 66.53 97.25 88.38 48.55
525 46.46 20.92 82.40 63.68 39.17
526 46.54 33.01 95.42 79.12 46.99
527 46.57 74.05 83.96 86.66 44.17
528 46.85 94.04 20.91 29.05 14.00
529 46.53 39.65 101.61 89.84 54.99
530 46.29 88.20 62.88 84.98 33.33
531 46.72 6.16 32.68 24.36 17.42
532 46.88 52.98 106.18 103.85 58.55
533 47.01 14.09 70.28 59.81 33.94
534 47.18 10.59 57.46 45.17 27.31
535 46.94 24.24 91.72 74.31 42.47
536 46.96 35.98 92.76 78.48 46.97
537 47.26 42.12 92.59 87.72 49.73
538 46.77 83.82 75.50 96.27 42.95
539 47.04 87.46 62.14 70.90 34.68
540 47.24 18.21 84.93 64.18 40.88
541 47.29 44.69 110.84 107.90 56.83
542 47.19 80.73 74.08 81.87 41.08
543 47.18 29.79 99.84 81.52 49.24
544 47.42 91.12 47.05 61.45 28.97
545 47.54 47.52 113.17 101.45 55.98
546 47.76 57.27 96.55 92.11 51.79
547 47.58 60.01 115.01 109.15 58.98
548 47.54 64.69 103.24 91.40 49.92
549 47.82 27.31 93.78 79.45 45.73
550 47.89 38.36 97.80 87.32 48.00
551 47.90 54.69 101.88 102.42 51.95
552 48.05 69.89 84.62 90.69 47.75
553 47.89 73.37 83.64 85.53 43.56
554 47.72 76.98 77.58 72.06 44.49
555 48.06 7.83 45.44 43.65 25.18
556 48.16 49.64 103.05 102.52 54.73
557 48.06 4.14 15.90 18.28 9.69
558 48.14 84.00 76.92 84.55 40.90
559 48.19 21.97 89.38 75.89 41.28
560 48.26 31.87 86.57 73.94 43.14
561 48.45 62.31 96.37 95.67 47.99
562 48.29 78.54 78.01 101.74 42.21
563 48.66 51.94 99.91 95.45 50.44
564 48.69 67.20 97.35 99.84 51.16
565 48.61 18.93 78.70 68.42 37.05
566 48.67 35.53 91.68 73.70 42.91
567 48.72 87.79 59.04 73.23 33.35
568 48.70 24.89 96.54 85.56 42.81
569 48.76 13.64 64.83 59.70 34.40
570 48.72 94.95 14.55 24.90 10.83
571 48.81 40.88 100.86 97.79 51.72
572 48.54 15.45 55.08 54.17 27.71
573 48.81 44.19 101.99 101.17 54.83
574 49.24 80.23 73.34 85.38 39.38
575 49.23 75.77 75.50 83.61 39.28
576 49.15 91.26 40.83 58.66 25.16
577 49.24 46.77 101.82 101.45 54.22
578 49.28 59.97 100.60 99.52 49.32
579 49.14 10.56 52.74 53.21 27.88
580 49.44 27.70 93.30 84.62 45.74
581 49.43 64.42 93.15 103.80 50.86
582 49.41 72.43 82.00 94.34 47.01
583 49.37 54.37 107.38 108.99 56.15
584 49.58 5.26 21.80 25.00 14.52
585 49.66 57.46 91.24 93.75 47.54
586 49.75 17.21 79.97 77.88 37.53
587 49.62 83.87 69.06 91.18 37.17
588 49.70 31.55 84.12 73.45 39.12
589 49.80 49.49 98.58 102.20 50.20
590 49.92 38.86 86.33 82.93 42.93
591 50.00 23.47 79.89 67.49 36.62
592 50.06 69.36 85.61 93.83 44.38
593 49.67 85.78 54.51 90.51 32.30
594 49.81 9.84 53.08 58.83 27.32
595 50.23 35.88 88.91 81.55 42.45
596 50.15 42.57 101.82 100.74 48.62
597 50.34 13.92 60.83 59.35 30.59
598 50.67 20.95 79.77 80.47 39.18
599 50.52 51.76 98.36 100.51 49.36
600 50.45 62.48 90.53 104.38 47.09
601 50.26 7.59 39.90 44.38 24.44
602 50.69 66.45 90.59 97.77 44.26
603 50.66 76.69 68.82 75.90 36.45
604 50.68 93.57 20.52 33.97 15.27
605 50.77 89.91 46.92 67.77 27.17
606 50.61 55.57 96.27 109.38 51.25
607 50.84 86.00 58.16 82.18 34.41
608 50.73 46.82 99.45 98.44 50.01
609 50.76 28.16 90.42 95.09 44.08
610 50.94 33.50 96.99 102.74 46.83
611 50.82 80.47 62.71 77.86 34.47
612 50.99 11.17 55.39 62.06 28.56
613 51.04 72.64 71.17 79.47 37.04
614 51.21 60.05 89.18 96.13 47.52
615 51.27 3.61 12.53 16.93 8.32
616 51.37 44.26 99.28 93.76 45.79
617 51.06 6.87 31.12 41.63 20.17
618 51.21 17.69 70.94 76.60 34.30
619 51.42 9.62 52.46 66.47 24.73
620 51.60 53.99 90.99 98.83 45.32
621 51.63 25.61 74.46 71.67 35.76
622 51.65 30.33 84.80 90.47 42.14
623 51.55 38.44 85.04 87.88 41.99
624 51.59 49.33 96.53 104.23 45.94
625 51.58 41.36 95.77 96.74 44.54
626 51.73 57.18 98.29 114.27 49.96
627 51.71 63.83 86.92 96.57 41.39
628 51.84 69.18 77.34 87.10 37.78
629 51.38 96.84 7.96 14.50 5.48
630 52.04 78.26 66.12 78.43 35.83
631 52.05 82.29 60.69 90.01 36.10
632 52.21 95.45 11.13 21.37 6.66
633 52.37 36.18 91.25 96.36 44.39
634 52.62 2.97 10.16 14.07 6.48
635 52.35 12.96 52.43 62.30 27.04
636 52.35 20.27 74.20 74.14 34.39
637 52.52 93.15 20.68 37.33 16.42
638 52.43 74.57 69.09 87.26 36.89
639 52.53 23.49 76.21 82.51 38.86
640 52.30 85.74 54.84 82.65 31.70
641 52.26 90.83 46.11 76.05 26.71
642 52.48 46.66 104.02 110.10 46.16
643 52.45 51.95 98.14 109.13 47.57
644 52.47 88.83 49.71 75.54 30.97
645 52.56 16.34 69.03 78.97 33.74
646 52.46 33.39 92.18 96.54 42.22
647 52.66 6.88 29.23 41.61 18.74
648 52.71 66.35 84.03 98.94 40.61
649 52.30 97.60 5.58 13.31 4.11
650 53.07 71.60 71.73 88.76 36.54
651 52.87 62.27 87.02 102.30 43.07
652 52.86 59.01 85.46 102.28 44.16
653 52.89 43.77 95.30 105.72 47.53
654 52.68 9.48 37.73 39.80 20.16
655 53.19 27.19 75.95 87.70 39.21
656 53.06 39.90 88.14 90.27 40.71
657 53.13 30.76 76.36 86.52 36.88
658 53.17 49.06 84.23 106.26 41.83
659 53.29 55.94 83.37 93.69 41.19
660 52.95 98.38 4.35 11.91 3.24
661 53.03 96.68 7.50 16.67 5.26
662 53.39 80.60 58.23 84.95 34.38
663 53.57 76.79 65.75 93.30 38.17
664 53.74 53.52 101.58 117.05 45.93
665 53.36 18.94 65.60 74.60 31.37
666 53.64 85.87 56.70 80.59 32.48
667 53.82 11.26 53.16 63.75 25.03
668 53.87 68.65 69.85 93.05 37.05
669 54.00 2.15 8.58 13.56 4.92
670 53.58 87.97 55.38 93.96 27.42
671 54.01 33.88 77.84 93.45 37.97
672 54.04 90.64 37.45 59.03 21.98
673 53.70 23.05 67.13 80.01 35.08
674 54.24 36.68 79.73 85.16 38.66
675 54.17 51.05 89.41 107.53 42.72
676 54.11 96.10 9.61 18.74 6.52
677 54.24 14.94 61.43 74.66 29.33
678 54.17 64.91 81.09 103.93 41.31
679 54.41 82.90 53.50 82.68 31.75
680 54.43 46.24 85.93 105.12 42.25
681 54.16 61.70 84.27 102.69 43.09
682 53.97 7.63 38.59 58.26 21.75
683 54.04 18.20 68.58 85.04 34.61
684 54.38 4.67 16.65 26.71 11.40
685 54.44 40.97 85.56 98.79 41.03
686 54.26 43.72 88.18 124.02 47.43
687 54.36 58.42 78.20 90.03 39.87
688 54.60 74.44 58.71 76.57 32.17
689 54.42 29.63 70.63 83.99 35.84
690 54.36 23.53 73.74 87.93 34.52
691 54.83 20.65 70.76 93.00 34.54
692 54.89 48.77 83.47 106.20 41.19
693 54.94 26.44 73.04 90.36 35.04
694 55.23 71.83 69.75 93.97 36.21
695 54.92 78.45 51.96 79.37 30.65
696 54.98 55.55 87.07 105.92 40.13
697 54.73 9.02 42.57 51.46 24.33
698 55.02 86.79 45.68 75.03 27.22
699 55.17 38.51 82.75 103.44 38.95
700 55.06 6.64 28.37 38.23 16.88
701 55.43 32.66 79.30 100.87 39.47
702 55.28 96.32 7.18 15.24 4.59
703 55.41 68.92 74.35 100.77 35.42
704 55.49 1.72 5.40 9.80 3.74
705 55.66 18.16 61.31 78.33 29.00
706 55.48 52.53 84.67 103.19 39.70
707 55.17 66.42 78.38 107.38 37.15
708 55.41 91.85 25.27 43.11 16.67
709 55.51 61.56 76.42 93.35 38.94
710 55.58 23.27 71.37 102.37 37.70
711 55.71 42.67 81.74 103.46 39.48
712 55.65 65.19 81.03 106.02 42.52
713 55.72 81.61 55.81 86.07 30.05
714 55.97 14.77 57.16 74.66 27.04
715 55.94 58.23 80.55 101.65 40.14
716 55.95 29.14 70.69 102.22 38.62
717 56.34 4.43 12.95 23.79 9.52
718 55.94 98.23 4.46 11.16 2.78
719 56.27 45.36 85.00 110.61 42.25
720 56.36 84.49 48.60 75.07 27.20
721 56.29 47.98 92.80 115.91 42.47
722 56.26 76.53 60.87 86.95 32.52
723 56.16 80.24 47.42 72.47 30.87
724 56.57 94.42 13.57 23.55 8.09
725 56.36 88.66 42.82 78.40 24.04
726 56.45 8.48 36.81 56.19 20.69
727 56.64 34.58 75.20 98.47 36.27
728 56.39 37.35 82.42 111.03 39.60
729 56.42 54.97 81.08 103.75 37.41
730 56.60 50.73 75.57 101.24 38.71
731 56.73 40.22 84.53 112.23 39.49
732 56.60 25.87 72.34 95.58 34.50
733 56.82 63.98 70.03 89.15 32.94
734 56.65 67.47 72.43 104.19 37.10
735 56.69 73.75 55.53 77.23 29.46
736 56.60 1.85 6.12 11.21 3.92
737 57.03 70.00 57.83 80.12 31.07
738 57.19 19.95 68.72 90.12 30.75
739 56.98 31.03 77.30 110.43 38.34
740 56.96 60.60 78.33 104.17 38.54
741 57.31 22.88 72.27 96.19 31.88
742 57.30 16.70 55.63 81.41 27.35
743 57.26 79.57 53.30 81.23 28.76
744 57.11 71.44 64.58 97.88 31.18
745 57.35 43.18 76.11 96.73 35.42
746 57.63 13.08 45.12 66.89 24.03
747 57.62 92.07 18.27 36.06 12.40
748 57.60 57.74 75.58 98.62 35.44
749 58.11 29.03 63.79 100.54 34.47
750 57.74 54.69 78.99 104.21 37.01
751 57.83 46.93 78.16 110.83 38.12
752 57.90 51.92 87.89 121.99 42.07
753 57.72 73.42 49.45 72.61 29.44
754 57.69 89.12 40.82 70.79 21.89
755 57.97 6.39 20.12 42.99 14.89
756 57.62 83.21 51.82 83.74 27.95
757 57.75 77.17 56.04 87.07 31.81
758 57.91 36.73 81.81 104.85 37.65
759 57.69 86.39 40.01 67.61 21.24
760 58.16 10.02 42.32 76.60 20.84
761 57.93 66.94 72.58 92.90 34.96
762 58.00 26.28 76.67 104.22 35.78
763 58.11 32.50 67.45 95.58 30.58
764 58.14 61.42 77.82 113.68 37.71
765 58.43 49.35 75.89 117.96 38.33
766 58.15 75.71 60.19 102.58 29.81
767 58.24 39.91 69.18 98.19 34.52
768 58.31 95.30 7.39 16.66 5.10
769 58.28 81.76 54.20 92.12 29.12
770 58.80 63.87 67.36 93.05 32.07
771 58.24 71.23 56.11 69.46 27.94
772 58.47 84.89 43.80 87.75 25.32
773 58.68 69.51 63.74 88.84 29.63
774 58.79 45.08 76.61 112.79 35.99
775 58.71 21.66 63.10 93.53 30.67
776 58.83 17.12 49.74 79.91 26.08
777 59.05 42.62 72.17 115.46 36.90
778 59.00 34.64 77.17 118.89 38.40
779 59.08 79.58 51.96 88.16 29.20
780 59.26 57.40 73.52 114.08 37.22
781 59.12 54.32 69.65 108.31 33.55
782 58.96 92.25 15.59 32.03 11.64
783 59.21 25.54 67.60 99.87 32.78
784 59.38 4.34 9.52 18.75 7.36
785 59.39 72.08 55.77 102.30 32.10
786 59.28 75.67 51.95 82.48 28.45
787 59.12 88.09 36.23 68.18 21.46
788 59.40 60.41 73.21 102.94 34.13
789 59.23 13.32 46.98 79.60 25.26
790 59.51 51.66 70.45 111.13 37.18
791 59.37 66.73 68.43 92.66 33.18
792 59.63 37.31 63.94 89.03 30.61
793 59.57 8.65 28.42 61.37 18.02
794 59.64 30.03 65.30 94.64 31.38
795 59.78 48.04 75.51 118.07 36.69
796 59.47 94.93 8.05 15.68 5.15
797 59.76 83.07 40.82 72.20 23.09
798 59.85 40.12 67.58 100.54 33.30
799 59.92 19.84 57.17 95.51 28.79
800 59.68 92.54 14.77 30.80 9.54
801 60.17 23.41 68.59 104.01 30.70
802 60.14 33.51 65.44 114.92 33.63
803 59.97 12.24 34.85 81.19 20.25
804 60.43 69.21 56.00 89.46 30.62
805 60.20 15.56 48.39 86.09 25.40
806 60.27 45.38 71.52 113.77 37.07
807 60.19 96.16 5.51 13.86 3.72
808 60.37 64.63 73.14 112.02 34.91
809 60.57 26.87 60.08 98.46 31.61
810 60.44 78.56 43.48 73.47 24.93
811 60.57 87.22 36.89 67.37 19.51
812 60.74 90.74 22.36 42.59 14.12
813 60.52 54.87 65.56 100.70 32.65
814 60.61 73.37 48.92 81.34 28.12
815 60.96 93.53 10.57 21.10 6.54
816 60.77 6.05 12.77 29.69 10.84
817 60.78 42.85 69.84 108.11 34.71
818 60.68 50.65 76.34 124.89 37.94
819 60.70 61.67 73.90 115.86 35.27
820 60.78 58.09 66.45 108.51 33.35
821 60.92 10.84 34.09 69.78 18.22
822 61.15 31.97 66.46 122.37 32.28
823 61.27 18.54 49.83 88.12 26.02
824 61.05 35.43 58.59 97.65 28.82
825 60.84 16.07 44.65 92.15 22.88
826 61.22 37.69 69.03 117.78 33.66
827 61.11 83.73 42.18 77.77 20.96
828 61.41 29.37 61.41 105.20 30.80
829 61.04 22.01 55.02 85.90 24.88
830 61.46 40.34 69.39 112.15 34.49
831 61.37 48.34 67.98 116.57 35.17
832 61.51 75.47 49.53 88.33 25.71
833 61.72 14.15 40.73 80.62 21.65
834 61.62 52.86 74.21 121.47 35.14
835 61.69 67.54 60.21 107.35 30.82
836 61.73 24.61 56.92 97.62 29.90
837 61.63 64.39 62.87 102.93 31.30
838 61.72 78.89 43.78 82.83 26.39
839 61.91 45.58 65.75 109.57 34.15
840 61.87 60.31 69.98 120.16 33.13
841 61.79 21.59 51.10 97.49 26.26
842 62.35 70.04 55.84 96.68 28.02
843 62.04 8.62 26.10 60.01 15.36
844 62.24 55.51 64.77 115.91 33.97
845 62.32 94.41 7.85 16.44 5.02
846 62.29 81.59 45.22 83.29 24.19
847 62.27 72.78 52.30 95.27 27.40
848 62.15 33.98 69.10 120.43 30.23
849 62.16 86.64 34.64 74.53 19.56
850 62.29 4.74 7.81 18.21 5.37
851 62.58 89.22 25.30 52.48 17.02
852 62.49 27.47 66.01 110.66 31.78
853 62.43 42.78 70.82 111.00 33.13
854 62.55 57.95 67.93 109.03 31.71
855 62.63 36.88 64.56 99.04 29.40
856 62.63 48.79 65.56 106.68 31.49
857 62.76 17.28 44.98 83.26 22.25
858 62.80 20.66 50.43 91.35 23.93
859 62.61 84.82 30.69 58.77 18.92
860 62.90 31.64 64.15 107.63 30.34
861 62.91 52.32 70.87 113.32 34.31
862 62.92 62.58 63.33 113.03 30.82
863 63.04 39.87 64.84 98.76 29.18
864 62.91 76.25 44.61 79.02 24.86
865 62.93 65.63 57.01 102.34 27.64
866 63.22 11.02 32.59 72.24 18.73
867 63.34 91.65 11.73 29.35 9.41
868 63.42 14.29 38.44 81.17 20.06
869 63.31 24.80 51.85 86.80 26.87
870 63.49 44.73 65.71 116.68 32.15
871 63.77 7.46 13.74 31.22 10.66
872 63.61 82.78 34.23 73.16 21.97
873 63.72 60.38 62.83 106.85 28.52
874 63.95 79.28 40.78 75.47 23.75
875 63.66 29.31 59.89 97.70 26.31
876 63.66 34.59 63.07 106.97 28.67
877 63.82 68.09 54.14 89.24 25.63
878 63.70 72.49 48.12 83.06 24.77
879 63.86 50.20 67.30 115.74 31.49
880 63.95 54.55 61.03 100.38 29.24
881 64.02 46.96 65.28 116.53 30.64
882 64.12 94.31 5.95 13.06 4.07
883 64.12 57.58 68.21 110.91 30.39
884 64.09 86.44 30.82 69.50 18.36
885 64.10 42.01 65.42 116.01 31.48
886 64.10 21.03 46.77 94.04 24.07
887 64.35 37.32 57.79 106.95 29.13
888 64.30 64.55 51.62 90.72 26.52
889 64.46 17.47 39.70 79.10 21.37
890 64.39 76.06 50.77 93.14 25.68
891 64.80 90.02 15.79 34.27 11.76
892 64.78 24.00 48.98 99.44 25.90
893 64.98 27.28 48.24 92.91 24.40
894 64.96 10.70 26.26 57.04 14.34
895 64.95 30.58 53.09 97.26 26.15
896 64.91 70.16 50.66 86.80 24.05
897 64.95 33.69 63.40 100.29 28.77
898 65.08 14.13 34.28 71.51 18.83
899 65.07 39.96 60.99 111.03 29.10
900 65.02 5.23 5.75 17.72 4.52
901 65.22 52.92 66.53 115.24 28.63
902 65.18 81.92 36.76 70.28 20.50
903 65.08 60.80 63.95 113.32 27.91
904 65.24 44.43 68.32 107.15 29.98
905 65.23 50.53 64.64 109.85 26.49
906 65.34 47.75 58.95 107.69 29.25
907 65.34 73.34 49.67 86.41 25.34
908 65.53 55.39 61.07 107.17 26.46
909 65.52 67.09 54.86 99.14 26.38
910 65.57 20.90 42.84 91.24 22.58
911 65.61 63.81 58.43 109.18 27.58
912 65.87 8.39 12.97 35.10 10.18
913 65.71 57.95 66.65 115.42 30.96
914 65.78 77.39 40.21 77.77 23.30
915 65.62 85.58 27.93 58.65 17.41
916 66.17 37.94 62.04 106.23 29.49
917 66.17 35.20 63.16 109.36 26.95
918 66.11 42.35 63.23 127.52 28.94
919 66.22 17.47 40.45 91.89 22.05
920 66.05 92.57 7.39 19.29 5.09
921 66.34 25.42 50.21 100.92 25.31
922 66.36 31.79 51.05 97.64 25.64
923 66.57 13.41 28.42 69.05 16.89
924 66.50 69.98 42.53 80.94 23.25
925 66.49 89.86 14.54 31.01 10.36
926 66.59 5.25 5.05 13.82 3.67
927 66.86 28.48 49.83 93.97 23.51
928 66.54 61.78 55.97 103.77 26.76
929 66.54 80.50 35.67 74.04 20.08
930 66.73 47.19 59.92 108.05 27.85
931 66.71 50.25 64.54 114.30 28.25
932 66.90 22.81 44.76 92.56 23.11
933 66.91 74.26 35.95 72.73 22.11
934 66.85 52.98 65.33 125.21 31.47
935 67.04 40.71 66.46 131.55 29.13
936 66.95 66.09 47.44 94.44 25.64
937 67.14 44.60 65.86 119.68 29.20
938 67.10 86.46 25.73 58.60 15.69
939 67.03 58.58 55.47 100.35 25.78
940 67.47 82.86 28.65 65.55 18.05
941 67.34 55.61 57.29 100.93 27.19
942 67.34 19.76 42.45 95.25 22.62
943 67.55 11.10 21.64 58.68 14.33
944 67.58 77.78 35.03 70.51 20.47
945 67.58 7.88 8.03 23.80 7.23
946 67.64 34.23 52.05 92.66 26.40
947 67.71 71.20 46.08 96.62 23.56
948 67.79 38.74 51.10 96.90 25.38
949 68.23 91.85 6.35 15.81 4.72
950 67.80 30.86 57.54 114.52 25.57
951 67.76 61.80 47.15 92.02 24.57
952 68.12 16.23 32.69 71.96 17.78
953 68.00 26.03 46.28 91.92 21.84
954 68.11 49.49 58.04 111.06 26.86
955 68.07 89.46 17.28 42.06 10.63
956 68.23 42.79 55.60 104.55 26.07
957 68.45 46.72 57.27 105.21 26.00
958 68.40 52.28 54.91 102.60 24.95
959 68.27 66.17 41.74 95.55 24.90
960 68.58 22.99 42.15 85.51 21.23
961 68.53 36.78 54.37 106.22 26.21
962 68.47 58.27 54.60 100.34 25.15
963 68.53 88.00 14.02 34.07 11.01
964 68.84 63.59 47.53 104.28 24.45
965 68.68 75.18 32.48 69.50 20.44
966 68.97 68.70 42.86 93.56 24.02
967 68.83 13.08 30.39 73.66 16.09
968 68.89 85.44 22.83 62.68 14.98
969 68.87 19.61 37.94 93.02 20.01
970 68.91 54.96 60.53 112.31 26.58
971 69.18 29.13 48.98 92.43 22.70
972 69.01 78.58 32.08 75.66 19.30
973 69.04 72.15 42.05 94.73 22.35
974 69.08 81.99 29.55 75.02 20.30
975 69.08 32.22 49.44 94.06 23.59
976 69.27 8.72 9.30 22.46 6.44
977 69.26 40.80 59.06 106.19 25.58
978 69.32 60.70 54.04 97.92 24.35
979 69.47 44.35 58.08 102.94 25.90
980 69.54 26.48 52.67 108.24 23.67
981 69.61 35.15 55.98 111.12 24.98
982 69.66 49.28 62.77 122.90 26.40
983 70.07 38.51 59.94 102.24 26.06
984 69.62 74.68 33.86 70.37 21.17
985 70.09 88.14 12.37 30.30 8.98
986 69.94 18.73 33.19 73.51 18.81
987 70.11 51.78 53.10 96.53 24.59
988 69.89 6.27 4.02 13.25 2.70
989 69.96 14.67 29.13 70.99 14.72
990 69.93 22.64 44.61 100.29 22.66
991 70.09 56.76 56.06 107.06 24.45
992 70.11 65.42 48.36 102.60 24.70
993 70.36 47.20 54.39 111.63 23.27
994 70.29 11.34 16.66 47.86 11.68
995 70.61 83.84 24.07 61.20 15.85
996 70.19 68.96 41.95 84.33 24.22
997 70.69 54.28 51.69 103.82 24.30
998 70.60 76.91 34.91 79.20 20.52
999 70.51 80.39 29.48 67.95 16.54
1000 70.54 71.89 37.60 80.66 19.98
1001 70.45 15.90 30.15 89.28 15.71
1002 70.60 18.00 33.97 94.20 18.00
1003 70.69 59.40 49.78 99.76 23.46
1004 70.71 62.58 46.44 91.45 22.22
1005 70.77 90.78 6.02 15.19 4.62
1006 70.80 33.30 49.15 97.36 23.04
1007 70.52 30.77 44.67 86.73 21.64
1008 70.75 41.98 53.06 107.68 24.58
1009 71.01 24.64 42.05 85.24 20.54
1010 70.99 44.93 59.36 124.98 26.64
1011 71.12 27.63 44.93 95.17 22.81
1012 71.04 7.53 4.65 15.65 3.45
1013 71.20 36.42 51.91 103.55 22.94
1014 71.35 21.12 36.35 82.92 18.06
1015 70.96 68.88 41.13 91.79 22.31
1016 71.54 49.51 52.74 96.93 23.65
1017 71.45 30.07 43.44 95.44 21.25
1018 71.53 66.39 44.55 91.19 21.79
1019 71.57 74.67 36.26 80.90 22.44
1020 71.72 86.06 16.15 46.86 11.40
1021 71.86 39.19 48.97 99.51 23.38
1022 71.73 56.90 51.89 95.13 22.04
1023 71.68 16.29 29.57 80.71 15.41
1024 72.02 9.49 7.95 23.73 6.14
1025 71.88 12.75 17.42 52.48 12.01
1026 71.90 52.51 53.61 106.06 23.84
1027 72.01 60.98 49.70 102.25 23.11
1028 71.99 79.77 28.78 68.40 17.36
1029 72.28 46.06 48.66 94.66 24.69
1030 72.33 69.76 41.94 84.30 21.32
1031 72.23 42.21 48.75 100.70 23.42
1032 72.40 89.09 6.80 18.12 5.44
1033 72.32 32.19 45.91 97.96 22.75
1034 72.67 63.67 45.21 87.87 21.36
1035 72.32 19.31 38.00 86.11 17.23
1036 72.90 72.83 36.56 76.73 20.20
1037 72.76 24.41 42.84 84.18 19.46
1038 72.82 82.96 24.68 57.67 13.17
1039 72.76 35.96 45.96 96.71 22.79
1040 72.94 76.28 29.61 57.61 17.28
1041 72.75 27.46 42.64 95.89 21.41
1042 72.95 54.90 48.11 97.99 22.87
1043 73.08 21.56 36.07 86.90 18.47
1044 72.97 58.74 51.87 102.66 22.28
1045 72.95 18.14 30.26 91.27 16.67
1046 73.09 66.52 43.01 92.47 19.75
1047 73.21 48.66 53.88 106.17 23.21
1048 73.26 51.44 54.21 111.47 24.47
1049 73.46 15.56 28.00 62.21 13.76
1050 73.33 11.61 11.32 35.26 8.43
1051 73.41 43.52 50.05 103.05 22.49
1052 73.47 38.90 45.65 96.92 22.37
1053 73.56 86.85 9.69 29.39 7.82
1054 73.65 29.85 47.90 91.98 21.37
1055 73.63 33.18 47.77 105.93 21.82
1056 73.63 80.34 26.14 62.99 14.89
1057 74.01 61.09 44.54 83.27 19.75
1058 74.13 46.58 52.36 108.22 22.48
1059 74.00 78.59 24.01 61.53 15.16
1060 74.19 57.53 45.14 97.51 20.91
1061 74.31 70.88 34.21 74.78 18.43
1062 74.25 67.62 37.55 82.26 19.75
1063 74.44 40.45 49.34 103.13 23.37
1064 74.37 18.71 35.90 68.69 15.50
1065 74.43 83.81 17.22 51.39 11.80
1066 74.50 54.41 43.16 98.85 21.54
1067 74.50 25.26 39.94 86.02 18.52
1068 74.57 35.38 48.76 98.07 21.85
1069 74.69 64.27 41.22 89.66 20.87
1070 74.97 74.28 31.24 64.98 17.84
1071 74.75 22.21 39.55 90.93 18.80
1072 74.68 51.76 51.42 117.13 21.16
1073 74.90 10.89 8.66 25.78 5.46
1074 74.88 14.37 19.68 55.54 11.12
1075 75.03 28.29 46.66 90.94 20.28
1076 74.84 43.86 49.44 106.59 22.80
1077 75.06 49.18 50.79 110.03 22.28
1078 75.09 31.88 44.33 91.81 21.00
1079 75.24 77.32 28.16 69.09 16.85
1080 75.38 80.85 24.07 61.70 13.71
1081 75.35 86.61 7.84 23.60 6.19
1082 75.63 37.39 50.37 94.49 21.09
1083 75.50 61.72 42.23 90.84 19.49
1084 75.17 19.30 32.44 99.62 15.06
1085 75.52 56.60 43.12 105.67 21.25
1086 75.66 67.00 37.31 95.11 20.06
1087 75.88 46.86 54.04 105.62 22.83
1088 75.71 40.85 46.96 112.04 23.45
1089 76.07 17.27 29.23 72.60 13.98
1090 76.03 69.90 34.88 82.65 20.21
1091 75.99 52.45 42.53 91.65 20.54
1092 76.12 25.65 37.00 83.17 18.30
1093 76.28 20.48 31.42 86.04 14.94
1094 76.32 59.30 38.51 93.29 20.51
1095 76.31 34.33 46.00 94.81 20.90
1096 76.44 44.51 41.27 101.28 21.23
1097 76.46 13.63 12.15 38.37 8.77
1098 76.21 22.37 31.98 52.68 17.92
1099 76.46 30.35 38.46 83.92 19.23
1100 76.67 83.30 12.69 30.80 8.91
1101 76.85 72.43 28.41 65.13 16.12
1102 77.03 65.22 38.00 78.82 19.64
1103 76.74 78.64 24.70 62.30 13.69
1104 76.87 49.19 47.26 99.61 20.23
1105 77.14 75.48 26.86 55.03 15.16
1106 76.93 55.82 43.28 102.24 19.80
1107 77.02 38.91 46.61 97.09 20.69
1108 76.96 41.86 44.53 103.60 21.56
1109 76.98 62.26 36.86 90.76 19.00
1110 77.09 86.47 5.18 11.47 4.34
1111 77.32 53.32 43.13 110.36 20.28
1112 77.61 23.03 37.94 86.25 16.63
1113 77.65 68.85 32.72 72.20 17.67
1114 77.66 26.03 36.79 95.90 17.76
1115 77.76 29.08 40.30 90.96 19.15
1116 77.72 36.40 46.15 99.44 19.22
1117 77.69 32.91 45.02 101.46 19.71
1118 77.78 58.32 38.77 93.62 19.52
1119 77.84 46.31 48.42 98.92 20.96
1120 77.61 19.95 33.47 92.69 15.76
1121 78.10 16.87 23.09 59.34 11.60
1122 77.90 50.98 45.85 110.02 20.73
1123 77.95 13.81 9.25 30.19 7.22
1124 78.11 43.15 42.93 99.09 20.66
1125 77.94 74.44 22.64 57.05 14.22
1126 78.00 84.81 7.42 23.22 5.41
1127 78.28 78.37 24.39 66.38 13.46
1128 78.48 81.81 14.56 43.14 9.61
1129 78.34 61.56 38.51 94.09 18.36
1130 78.53 39.57 48.64 100.22 19.36
1131 78.28 66.38 37.32 80.60 18.45
1132 78.66 72.17 30.83 75.09 17.37
1133 78.66 54.98 42.46 94.42 19.68
1134 78.94 48.31 48.59 95.79 19.49
1135 78.93 34.64 45.57 105.66 19.57
1136 79.18 64.03 37.59 81.60 17.88
1137 79.18 31.27 41.87 89.11 18.45
1138 79.12 27.39 36.60 91.50 17.56
1139 79.18 21.25 31.92 76.71 14.88
1140 78.97 84.82 5.63 16.36 4.35
1141 79.46 24.64 30.83 79.00 16.30
1142 79.26 51.26 44.21 108.64 19.51
1143 79.27 59.10 36.50 94.30 17.63
1144 79.10 67.02 32.76 67.91 17.23
1145 79.56 75.02 24.08 65.59 14.31
1146 79.14 28.99 33.98 97.22 19.58
1147 79.61 69.73 31.58 70.14 16.53
1148 79.47 43.61 42.66 100.32 19.78
1149 79.76 37.48 42.58 97.13 19.36
1150 79.79 17.58 19.84 58.21 10.70
1151 80.10 14.35 7.80 21.66 5.53
1152 79.90 78.78 20.22 58.26 11.65
1153 80.15 40.60 47.94 99.58 19.40
1154 80.04 46.35 41.83 93.59 19.51
1155 79.59 56.99 39.09 94.09 18.39
1156 80.26 53.31 42.62 106.45 19.55
1157 80.29 61.30 37.47 88.93 18.21
1158 80.39 81.95 10.07 25.75 7.00
1159 80.34 33.98 43.72 92.76 19.12
1160 80.22 56.44 35.91 104.20 18.78
1161 80.82 66.73 31.57 67.98 16.27
1162 80.53 27.74 35.97 94.63 18.10
1163 80.72 50.12 39.68 94.12 19.90
1164 80.79 21.00 27.10 74.67 12.97
1165 80.89 31.06 37.39 88.78 19.09
1166 80.93 63.77 31.96 82.07 17.48
1167 81.13 75.37 21.34 59.07 13.06
1168 80.97 70.21 31.77 72.33 14.64
1169 81.08 43.11 39.54 99.74 19.82
1170 81.26 24.35 26.51 80.78 14.68
1171 81.47 58.58 34.46 83.01 17.60
1172 81.18 37.50 38.46 93.85 18.04
1173 81.34 55.49 38.44 100.28 18.15
1174 81.43 17.55 13.95 43.26 9.33
1175 81.51 46.78 45.90 103.10 19.50
1176 81.92 14.69 5.43 18.23 4.10
1177 81.70 34.22 36.07 94.40 17.43
1178 81.80 72.74 25.05 64.98 14.23
1179 82.00 79.19 12.01 41.52 8.79
1180 82.13 52.53 37.32 94.18 18.52
1181 81.99 29.02 36.33 93.81 17.15
1182 81.75 61.29 36.73 72.57 16.16
1183 82.19 39.49 38.98 93.22 18.56
1184 82.18 49.47 38.06 95.71 18.38
1185 82.52 44.64 38.57 105.51 18.62
1186 82.40 64.70 32.35 82.36 17.30
1187 82.36 68.81 28.72 67.85 15.15
1188 82.60 21.93 23.02 71.28 12.45
1189 82.60 25.86 31.06 89.34 15.42
1190 82.31 42.27 40.57 103.71 18.71
1191 82.84 81.45 6.23 19.48 4.80
1192 82.84 36.63 38.87 105.10 19.62
1193 82.80 55.49 34.23 84.98 17.39
1194 82.56 61.30 31.72 82.24 17.24
1195 83.17 19.43 15.37 49.98 9.42
1196 82.99 32.93 36.84 98.57 18.53
1197 82.91 76.22 17.90 50.68 10.15
1198 83.04 41.70 40.38 98.71 18.89
1199 83.31 47.34 36.77 93.60 17.40
1200 83.39 30.09 32.67 89.37 17.08
1201 83.06 72.63 24.21 62.80 13.60
1202 83.38 58.15 33.44 78.67 17.30
1203 83.53 16.57 6.92 25.67 4.83
1204 83.76 50.24 32.67 88.04 16.60
1205 83.89 66.49 29.92 66.10 14.94
1206 83.76 63.00 32.02 80.03 16.54
1207 83.81 69.59 27.17 70.10 14.74
1208 83.89 52.70 31.61 86.98 16.27
1209 84.00 27.40 33.49 92.52 15.71
1210 83.87 40.15 35.90 94.67 18.28
1211 83.99 24.15 26.88 77.89 12.54
1212 83.80 44.14 36.25 92.32 16.41
1213 84.34 79.78 6.67 19.31 4.80
1214 84.03 60.36 31.20 83.67 17.38
1215 84.25 35.50 34.24 87.10 17.40
1216 84.00 73.14 20.05 56.69 12.31
1217 83.98 77.40 10.46 34.02 8.87
1218 84.71 32.32 38.68 89.59 17.58
1219 84.54 75.93 14.74 47.43 8.90
1220 84.74 54.56 32.77 89.15 17.23
1221 84.97 20.70 12.77 42.39 8.67
1222 84.84 47.33 30.15 75.34 16.61
1223 84.55 43.95 29.96 91.85 18.67
1224 85.03 38.65 39.30 93.66 17.44
1225 85.20 57.43 36.40 86.28 17.31
1226 85.01 70.96 24.04 64.24 13.34
1227 85.14 17.81 5.30 23.36 3.97
1228 85.27 28.64 30.44 79.12 15.29
1229 84.76 59.85 27.05 75.19 16.37
1230 85.37 42.23 35.92 90.09 17.39
1231 85.36 65.42 28.13 69.85 14.71
1232 85.54 62.19 29.50 74.57 16.12
1233 85.33 51.64 18.84 21.80 15.33
1234 85.53 24.02 19.25 67.94 11.62
1235 85.79 75.96 12.34 38.56 7.55
1236 85.83 35.92 38.00 91.77 16.74
1237 86.10 68.26 25.76 68.20 13.36
1238 86.16 72.56 17.22 54.10 10.56
1239 86.08 46.99 30.62 83.49 15.52
1240 86.21 31.67 32.55 87.10 16.09
1241 86.27 54.23 28.28 70.50 16.02
1242 86.53 50.16 28.70 68.63 16.21
1243 86.53 26.44 24.93 84.86 12.34
1244 86.62 43.26 34.55 91.76 16.18
1245 86.64 39.17 35.02 87.65 16.19
1246 86.57 59.24 30.60 71.60 16.29
1247 86.88 20.72 6.70 27.01 6.21
1248 87.18 34.96 34.76 90.18 16.25
1249 87.35 57.20 30.07 76.32 15.89
1250 87.29 23.60 14.10 55.44 9.21
1251 87.23 65.17 24.94 63.37 13.52
1252 87.35 28.95 32.93 94.25 13.85
1253 87.26 76.38 8.22 26.10 6.20
1254 87.52 69.72 20.85 62.57 11.09
1255 87.37 45.39 31.44 96.17 16.62
1256 87.35 61.82 25.24 63.00 15.34
1257 87.95 53.97 28.29 70.31 15.70
1258 87.73 73.28 12.94 49.17 8.72
1259 87.91 47.83 29.67 86.02 15.05
1260 87.90 31.94 29.77 82.23 14.04
1261 87.95 40.95 31.67 90.58 15.98
1262 88.41 51.17 28.77 74.54 15.01
1263 88.09 60.66 27.65 70.32 14.80
1264 88.38 26.08 19.07 62.06 9.89
1265 88.22 37.67 34.04 100.94 17.03
1266 88.08 44.23 29.38 75.36 16.77
1267 88.58 22.00 6.12 23.03 4.10
1268 88.55 64.53 25.07 74.42 13.49
1269 88.89 67.58 20.09 57.91 11.46
1270 88.89 34.46 31.24 81.75 14.86
1271 88.95 58.27 25.62 65.94 15.23
1272 88.95 71.44 14.97 46.38 8.97
1273 89.01 29.32 26.13 79.32 10.68
1274 89.05 63.21 23.84 70.70 13.75
1275 89.45 42.43 27.50 73.98 15.72
1276 89.53 45.75 29.14 82.33 16.30
1277 89.30 39.30 24.37 66.34 14.28
1278 89.80 48.70 29.39 81.73 15.83
1279 89.87 54.56 28.80 70.37 14.80
1280 89.97 26.48 10.80 41.51 7.60
1281 89.82 37.44 26.87 81.94 14.70
1282 90.29 61.68 24.02 64.29 13.43
1283 90.20 30.73 20.79 70.41 11.55
1284 90.64 51.33 25.42 65.73 14.63
1285 90.31 64.96 23.58 73.34 11.97
1286 90.44 71.25 9.60 34.92 6.41
1287 90.44 34.48 25.08 71.68 13.36
1288 90.19 58.48 27.13 79.88 15.44
1289 90.78 67.54 17.41 49.27 9.35
1290 90.85 39.14 27.18 77.78 14.81
1291 90.91 56.17 28.40 86.45 14.51
1292 91.00 42.79 26.34 75.25 14.14
1293 91.02 59.41 23.87 68.51 14.16
1294 91.52 47.20 27.80 67.17 15.27
1295 91.56 29.78 12.40 46.38 8.59
1296 91.77 33.57 24.54 79.19 10.97
1297 91.86 69.37 8.77 32.61 6.22
1298 92.32 53.69 22.53 64.10 13.64
1299 91.68 56.48 24.06 89.68 12.76
1300 92.15 36.68 24.89 81.27 11.78
1301 91.78 41.52 26.45 84.52 15.34
1302 92.06 63.76 16.94 52.15 10.13
1303 92.38 44.36 26.62 76.33 14.33
1304 92.23 27.44 6.60 26.99 4.65
1305 92.40 58.60 20.88 57.85 12.07
1306 92.26 50.10 24.44 67.31 14.53
1307 92.63 39.56 24.04 78.13 12.60
1308 92.80 31.76 10.80 37.30 8.62
1309 93.59 65.25 11.75 37.06 6.89
1310 93.40 30.26 7.38 28.23 5.69
1311 93.11 50.33 26.96 90.24 14.34
1312 93.51 61.03 18.06 58.49 9.81
1313 93.78 46.97 25.17 64.20 12.95
1314 93.79 42.22 22.05 72.70 12.98
1315 94.08 56.74 18.66 54.10 10.74
1316 93.84 38.31 18.91 48.95 10.72
1317 94.25 51.55 20.84 61.24 12.10
1318 94.55 33.25 8.96 35.81 6.39
1319 94.55 37.07 18.25 71.29 9.21
1320 95.31 44.22 19.16 70.04 11.13
1321 95.12 62.04 11.96 34.43 7.32
1322 95.33 40.74 18.37 71.65 9.40
1323 95.44 54.19 16.69 60.40 9.46
1324 95.68 47.55 18.29 69.67 11.01
1325 96.15 58.15 11.19 42.38 7.02
1326 96.21 38.17 11.78 45.14 7.57
1327 96.64 49.92 14.80 49.90 9.18
1328 97.21 45.01 11.70 48.98 8.08
1329 97.35 40.78 9.26 31.65 6.07
1330 97.21 53.85 11.36 39.51 7.04

