#<Embryo name> <Cleavage cycle> <Temporal class> <Genes>
ad21 13  - even-skipped caudal bicoid

#Quantitative data
#<Nucleus number> <A-P coordinate> <D-V coordinate> <Fluorescence intensity: channel 1 - eve, channel 2 - cad, channel 3 - bcd>
0 3.09 45.19 11.23 12.69 133.01
1 3.24 37.53 12.03 14.73 159.28
2 3.27 51.75 6.91 7.10 77.72
3 3.28 41.54 14.53 17.78 170.80
4 3.81 48.47 11.88 13.64 140.20
5 4.65 54.61 7.95 8.45 80.73
6 4.74 39.45 20.82 26.62 205.45
7 5.28 45.87 19.47 24.33 167.68
8 5.60 42.38 22.53 28.05 174.93
9 5.48 35.36 22.55 25.36 176.06
10 5.25 50.05 15.41 18.81 149.97
11 5.78 31.26 18.90 25.95 188.85
12 6.22 54.22 11.85 15.28 112.19
13 6.48 38.37 28.13 34.98 196.96
14 7.00 59.03 8.94 10.42 72.45
15 6.62 49.33 24.36 29.29 165.00
16 7.10 44.54 25.97 33.23 167.43
17 7.20 32.58 25.84 32.42 187.36
18 7.63 28.92 24.04 27.73 183.56
19 7.56 41.11 27.09 35.09 172.28
20 8.04 35.66 27.24 33.77 166.66
21 7.77 52.47 22.40 27.52 152.47
22 8.01 56.34 17.02 21.14 121.42
23 8.04 48.07 28.35 34.88 165.23
24 8.17 39.55 24.77 27.51 137.18
25 8.48 25.82 17.04 24.83 163.47
26 9.01 44.18 27.25 33.00 145.35
27 9.05 61.74 12.15 14.85 80.68
28 9.26 30.87 27.92 33.13 158.60
29 9.41 51.51 30.58 37.94 147.98
30 9.64 35.96 27.33 34.58 147.62
31 9.63 58.28 22.31 26.90 129.66
32 9.73 40.67 30.51 37.27 153.57
33 9.82 55.02 28.84 38.17 155.29
34 9.68 48.05 31.90 41.56 154.96
35 10.10 24.77 24.67 32.25 169.73
36 10.27 65.71 9.84 12.26 62.33
37 10.60 21.72 18.29 21.69 155.31
38 10.64 28.11 29.19 39.15 174.69
39 10.64 61.65 18.93 24.58 107.43
40 10.92 45.71 32.16 43.15 146.22
41 11.10 33.55 33.10 38.16 155.29
42 11.13 38.41 32.70 44.06 154.30
43 11.70 42.68 33.80 41.43 142.79
44 11.51 49.35 34.10 41.34 131.48
45 11.29 53.56 36.51 41.44 136.91
46 11.58 57.38 34.62 39.00 130.46
47 11.08 64.67 0.00 0.00 0.00
48 11.90 66.76 15.69 17.61 77.54
49 12.18 30.94 33.05 42.33 150.54
50 12.07 19.83 16.63 19.77 131.40
51 12.21 23.83 26.00 31.99 146.66
52 12.12 61.88 29.30 34.24 117.29
53 12.44 27.47 31.41 39.82 157.32
54 12.82 35.80 32.52 44.90 149.42
55 12.76 52.04 38.13 48.87 133.14
56 12.81 39.74 38.32 46.13 148.14
57 13.15 45.17 35.99 46.77 139.35
58 13.30 57.55 42.33 48.22 121.08
59 13.24 66.09 26.58 31.14 107.97
60 13.68 48.34 41.04 47.95 123.41
61 13.68 61.00 40.92 48.10 124.57
62 13.67 20.41 23.70 31.41 141.39
63 14.01 33.19 35.38 45.76 134.14
64 14.23 69.75 18.17 23.82 82.38
65 14.08 54.02 46.07 54.83 133.45
66 14.11 26.79 34.43 44.04 146.55
67 14.25 23.28 30.35 39.06 137.64
68 14.31 42.48 41.23 50.78 136.28
69 14.45 63.84 39.55 47.20 127.32
70 14.49 38.63 35.90 47.56 138.35
71 14.80 29.78 37.18 48.06 142.62
72 15.28 51.27 42.94 53.01 114.95
73 15.45 47.08 41.75 51.83 117.86
74 15.52 55.95 45.34 54.04 109.69
75 15.27 18.61 24.52 31.33 129.57
76 15.32 59.55 50.10 55.15 117.32
77 15.49 66.78 37.71 43.60 109.45
78 15.62 15.27 14.53 19.00 94.43
79 15.52 35.94 38.98 52.28 130.21
80 15.80 25.14 34.10 41.86 124.96
81 16.37 21.11 33.36 39.91 126.00
82 16.13 43.90 44.30 55.01 123.69
83 16.15 32.21 36.31 46.88 126.33
84 15.98 71.48 24.08 28.21 81.67
85 16.23 62.74 49.54 54.51 101.48
86 16.27 40.08 42.00 51.47 121.11
87 17.01 49.30 47.82 60.33 113.31
88 17.03 54.01 46.70 56.15 103.53
89 17.04 69.26 42.74 50.79 108.87
90 17.39 27.15 38.35 47.48 116.66
91 17.22 58.85 49.93 56.10 103.28
92 17.19 36.02 41.26 52.25 120.13
93 17.52 18.29 28.52 38.26 114.00
94 17.66 30.35 41.43 50.03 112.62
95 17.49 66.18 60.78 61.01 104.36
96 17.69 23.80 36.65 45.75 118.54
97 17.84 45.59 46.80 59.19 114.82
98 17.88 72.68 34.53 39.66 86.72
99 17.88 41.45 45.31 59.34 116.43
100 17.90 63.31 61.22 55.45 97.15
101 18.35 75.97 24.33 24.44 65.86
102 18.43 51.97 53.88 62.49 110.72
103 18.53 15.46 28.08 32.74 107.21
104 18.73 33.56 44.40 55.30 109.85
105 18.63 37.83 45.49 58.06 116.59
106 18.77 56.17 53.85 60.06 96.52
107 18.91 69.76 54.62 58.18 94.83
108 19.05 22.16 39.48 47.64 111.72
109 19.02 48.34 56.96 64.72 109.27
110 19.06 60.18 57.57 64.50 97.80
111 18.83 63.52 61.22 65.33 90.80
112 19.52 26.11 39.65 48.98 104.89
113 19.71 19.54 34.57 43.84 99.41
114 19.38 43.65 49.54 61.66 107.39
115 19.67 30.08 43.35 53.25 106.06
116 20.02 67.04 61.75 60.82 82.13
117 19.99 74.39 42.48 44.45 81.39
118 19.73 78.12 25.30 26.17 59.86
119 20.08 13.83 24.96 31.75 94.95
120 20.06 39.71 50.48 66.74 114.79
121 20.44 54.39 59.92 62.84 92.38
122 20.40 35.77 49.39 60.32 107.99
123 20.26 50.81 59.95 71.42 109.51
124 20.47 62.90 65.07 58.14 88.74
125 20.50 16.86 35.72 42.64 107.14
126 20.52 58.19 60.22 68.92 95.03
127 20.80 47.40 62.33 69.54 99.08
128 20.81 71.72 61.65 60.24 86.90
129 20.40 64.76 67.66 92.93 90.50
130 20.39 77.39 28.95 26.81 68.28
131 21.09 23.95 46.68 51.69 95.38
132 20.98 43.30 53.74 66.78 101.39
133 21.17 32.54 49.88 62.76 110.22
134 20.84 81.31 15.42 14.19 25.95
135 21.42 28.35 49.06 56.82 101.34
136 21.55 78.88 35.30 30.92 64.61
137 21.72 19.44 42.65 47.92 99.38
138 21.70 39.18 52.01 64.28 95.92
139 21.78 60.51 72.06 69.20 84.88
140 21.90 51.83 64.56 68.57 96.86
141 22.18 69.76 71.73 62.30 73.18
142 22.08 75.29 59.69 54.41 84.93
143 22.15 65.36 74.27 66.65 82.78
144 22.30 12.70 27.84 32.11 81.38
145 22.45 15.81 38.30 43.55 86.88
146 22.20 56.08 66.25 64.53 85.94
147 22.48 82.28 23.13 20.98 40.86
148 22.80 35.83 57.87 61.52 93.33
149 22.34 46.99 63.58 70.24 96.86
150 22.72 22.68 49.43 52.03 89.67
151 22.67 43.18 65.82 75.75 105.45
152 22.76 31.89 54.15 65.56 98.12
153 23.08 26.88 51.17 58.15 90.82
154 23.52 50.30 70.19 78.25 93.30
155 23.31 60.11 75.17 69.08 80.19
156 23.43 78.91 51.13 46.38 69.56
157 23.42 10.02 21.75 24.03 71.53
158 23.47 39.99 63.46 71.59 93.46
159 23.09 56.63 67.43 73.89 72.56
160 23.63 75.13 88.62 69.78 79.12
161 23.67 53.63 76.05 79.43 90.11
162 23.72 18.32 44.70 50.60 84.33
163 23.97 71.52 90.88 72.93 76.56
164 24.03 64.06 79.88 71.70 75.31
165 24.04 67.71 90.53 77.91 80.11
166 23.96 46.45 68.58 80.46 93.40
167 24.16 83.50 27.86 21.80 40.31
168 24.17 31.24 54.79 65.13 86.53
169 24.39 21.71 51.99 57.36 90.85
170 24.56 43.49 69.05 77.32 89.70
171 24.56 36.96 69.97 69.11 88.89
172 24.98 55.57 79.85 76.21 78.69
173 25.05 25.08 55.96 61.19 83.94
174 25.22 28.81 58.81 62.27 80.30
175 24.87 59.15 85.71 81.16 82.78
176 25.02 79.58 57.89 47.69 66.23
177 25.05 48.69 84.46 87.48 96.29
178 25.55 33.58 59.33 67.96 82.78
179 25.40 40.44 73.12 76.10 90.02
180 25.66 51.75 90.30 87.11 92.33
181 25.38 74.27 92.90 70.62 67.03
182 25.68 62.48 96.90 82.41 80.22
183 25.74 18.35 54.47 56.56 79.86
184 25.72 15.02 48.06 42.77 67.13
185 25.66 67.68 85.23 61.15 60.57
186 25.86 70.40 85.72 77.75 62.36
187 25.98 10.07 33.97 33.04 65.85
188 25.74 83.75 40.95 32.40 50.09
189 26.26 45.58 84.69 80.00 78.15
190 26.22 22.09 60.73 63.80 83.80
191 26.65 77.58 99.72 72.38 68.72
192 26.52 37.05 68.44 72.15 76.21
193 26.43 58.39 104.06 92.57 84.10
194 27.01 65.27 95.34 82.29 70.28
195 26.78 42.44 90.16 84.39 85.69
196 26.78 48.91 90.11 90.23 90.86
197 26.84 53.90 96.25 92.83 84.78
198 26.54 81.07 68.85 57.73 72.79
199 26.81 28.56 65.55 68.80 78.49
200 27.32 25.11 65.93 67.46 74.53
201 27.00 74.15 112.38 80.97 65.97
202 27.40 15.86 59.42 53.80 71.23
203 27.01 32.76 62.18 60.89 72.99
204 27.38 12.57 50.89 50.03 68.59
205 27.46 72.35 95.81 64.24 62.89
206 27.56 19.77 63.10 62.20 75.24
207 27.55 61.40 102.07 96.07 80.19
208 27.57 68.98 110.72 84.04 69.50
209 27.46 81.43 65.24 48.43 56.83
210 27.58 10.01 33.96 33.50 59.95
211 27.88 8.59 36.65 29.22 50.12
212 27.86 40.33 92.31 79.44 76.52
213 27.78 56.91 106.46 102.29 86.47
214 27.91 84.95 45.49 38.18 50.57
215 27.80 31.92 72.57 81.35 74.38
216 28.15 51.06 94.71 96.89 81.94
217 28.32 37.10 85.19 79.70 74.44
218 28.31 47.47 90.32 92.70 79.16
219 28.43 43.91 100.97 93.44 82.06
220 28.50 88.67 23.90 19.54 25.05
221 28.68 75.84 106.06 82.27 60.75
222 28.73 27.98 73.71 62.45 63.80
223 28.84 34.07 85.65 77.47 73.89
224 29.15 79.50 101.66 75.15 57.66
225 28.76 54.33 103.05 103.35 80.82
226 28.72 23.27 71.57 67.16 71.49
227 28.52 66.74 105.36 94.78 72.62
228 28.46 82.56 76.98 64.80 61.89
229 29.05 59.18 111.21 105.26 77.88
230 29.07 62.76 104.34 97.02 71.71
231 29.10 72.16 107.36 95.91 59.99
232 29.20 14.11 60.78 55.55 64.37
233 29.18 19.06 63.50 60.54 66.18
234 29.16 70.18 107.21 74.27 62.13
235 29.53 40.01 95.00 88.09 70.68
236 29.34 67.00 113.66 87.81 64.77
237 29.63 10.35 49.55 44.07 56.96
238 29.26 82.89 87.00 71.57 61.45
239 29.77 30.98 76.17 72.04 63.58
240 29.89 86.74 42.44 34.04 39.74
241 29.72 50.30 108.34 93.99 73.97
242 29.91 44.79 101.14 90.19 71.06
243 30.28 57.67 115.03 114.28 83.13
244 30.56 16.11 67.44 62.64 64.88
245 30.25 73.17 108.18 93.23 60.24
246 30.12 22.12 68.95 50.19 48.12
247 30.28 24.48 79.64 80.06 69.56
248 30.59 35.14 73.48 60.84 54.10
249 30.37 53.98 108.96 103.86 75.96
250 30.47 64.24 123.15 108.57 74.41
251 30.60 37.27 87.66 82.97 64.21
252 30.92 76.02 109.72 85.15 58.35
253 30.93 27.60 82.22 78.81 65.15
254 30.78 47.45 107.24 103.54 76.77
255 30.52 68.55 108.74 88.70 66.66
256 30.78 82.54 99.21 81.40 62.43
257 30.87 41.65 104.00 97.62 68.91
258 30.81 19.52 71.46 75.19 67.00
259 31.28 61.13 119.24 112.28 72.95
260 31.51 10.72 64.29 50.45 56.06
261 31.76 78.92 108.66 82.54 53.86
262 31.33 31.73 78.61 81.46 63.04
263 31.35 50.89 116.96 115.16 77.82
264 31.64 7.80 46.27 41.96 49.34
265 31.77 13.78 70.85 62.16 59.33
266 31.18 72.25 110.23 80.52 51.56
267 31.39 69.26 105.53 93.64 58.59
268 31.95 86.57 58.09 50.77 44.42
269 31.88 23.56 77.31 71.12 57.95
270 31.71 57.43 127.47 117.79 72.69
271 31.77 44.31 110.17 102.13 72.27
272 32.10 89.53 35.96 32.59 34.45
273 31.98 65.79 127.20 108.55 66.59
274 32.28 54.45 118.38 116.09 74.56
275 32.37 38.08 104.98 99.30 71.16
276 32.37 34.40 81.84 88.96 64.17
277 32.42 73.35 103.53 96.53 53.24
278 32.51 83.21 93.96 75.16 52.68
279 32.53 18.02 73.58 67.46 56.94
280 32.41 48.33 113.08 108.98 69.12
281 32.57 71.07 106.24 77.29 55.01
282 32.53 28.08 85.27 80.20 62.55
283 32.92 41.64 111.05 102.93 67.00
284 32.84 62.20 133.35 126.15 74.03
285 33.21 68.40 115.52 106.36 60.34
286 33.19 51.58 120.02 120.44 71.49
287 33.31 21.68 80.29 85.01 59.74
288 33.59 76.31 110.82 89.54 51.73
289 33.52 6.24 44.58 34.52 40.12
290 32.98 12.24 61.77 38.08 36.04
291 33.19 58.49 133.21 137.59 77.18
292 33.32 9.65 66.19 56.24 49.42
293 33.59 31.21 83.79 83.94 57.45
294 33.53 15.13 75.66 73.48 54.37
295 33.61 46.68 109.00 109.75 66.21
296 33.65 79.76 118.41 102.69 57.93
297 33.94 25.17 80.44 79.55 54.24
298 34.00 64.83 122.82 118.67 64.86
299 33.98 86.91 72.34 60.88 46.21
300 34.02 90.82 34.83 29.30 30.21
301 33.97 35.44 87.99 81.50 54.34
302 34.08 55.91 136.34 121.47 67.81
303 34.13 43.73 110.30 112.47 65.55
304 34.26 12.66 77.80 69.93 53.74
305 34.12 16.78 73.03 57.17 51.93
306 34.18 83.23 114.06 95.42 50.75
307 34.52 39.92 99.33 96.12 57.52
308 34.42 72.74 111.24 95.59 55.07
309 34.36 61.10 134.63 132.76 74.73
310 34.53 19.86 79.13 78.49 53.24
311 34.85 49.81 112.73 111.31 62.50
312 34.70 53.32 119.82 125.23 67.24
313 34.81 28.66 88.32 91.07 58.34
314 34.70 68.62 124.16 119.34 60.52
315 35.18 9.65 63.34 58.27 46.80
316 35.56 6.80 50.80 42.81 37.71
317 35.32 58.77 126.17 129.59 69.03
318 34.81 81.21 115.29 72.04 47.00
319 35.65 78.38 113.18 102.15 51.22
320 35.39 36.96 86.86 97.22 56.95
321 35.75 46.85 108.77 115.67 61.24
322 35.10 16.56 69.38 41.10 31.75
323 35.81 25.49 80.57 75.92 47.01
324 35.94 85.90 81.57 73.01 40.35
325 35.56 89.27 60.04 54.38 40.10
326 35.69 43.11 100.04 108.37 59.54
327 35.66 31.96 84.25 88.79 52.30
328 35.54 63.56 131.41 132.20 67.26
329 35.83 14.45 82.02 74.58 50.23
330 35.89 82.36 114.83 101.50 52.22
331 36.22 74.78 112.77 103.24 50.05
332 35.49 12.05 71.42 37.29 35.06
333 35.89 18.29 73.78 79.37 51.21
334 36.20 66.72 119.62 110.70 54.60
335 36.34 56.43 125.33 133.32 66.82
336 36.18 70.77 120.90 107.48 52.43
337 36.36 22.12 83.31 82.23 50.05
338 36.08 52.74 116.67 109.98 63.07
339 37.13 39.51 88.52 95.43 50.91
340 36.71 62.32 121.09 131.36 60.65
341 36.66 35.36 91.11 100.83 51.88
342 36.79 49.69 118.74 127.22 62.16
343 37.09 30.49 77.84 84.53 46.91
344 36.69 54.23 120.83 148.85 59.97
345 37.21 59.58 127.07 143.02 64.86
346 37.04 92.21 38.36 36.86 26.97
347 37.52 5.49 46.36 41.29 34.55
348 37.09 84.50 96.84 69.86 43.26
349 37.21 43.19 105.71 112.61 56.52
350 37.35 88.74 70.09 70.79 42.35
351 37.69 8.66 61.67 60.67 43.38
352 37.45 16.37 73.50 80.88 47.50
353 37.54 80.83 110.16 97.26 46.67
354 37.69 46.90 112.66 127.77 60.17
355 38.03 77.15 106.05 98.96 44.31
356 37.70 69.25 129.19 118.93 52.78
357 37.94 24.21 75.60 87.70 47.59
358 37.75 27.68 83.52 95.94 50.93
359 38.02 20.23 73.07 81.58 44.57
360 37.71 52.92 127.93 147.55 64.82
361 38.19 72.95 103.13 98.83 43.44
362 37.88 65.36 123.95 131.03 57.25
363 38.10 56.72 130.18 136.81 60.74
364 38.07 35.30 83.49 94.58 46.27
365 38.33 86.26 102.71 100.96 48.44
366 38.54 14.29 68.55 79.74 45.51
367 38.48 50.32 121.66 134.67 60.77
368 38.56 62.21 127.00 140.76 57.63
369 38.63 93.74 32.23 30.18 23.04
370 38.98 11.36 72.58 74.97 42.18
371 38.75 44.58 104.62 120.54 55.35
372 38.94 40.14 83.59 96.13 48.22
373 39.21 83.32 110.34 108.33 46.90
374 39.21 91.02 51.30 50.23 31.37
375 39.12 31.60 79.29 94.79 47.26
376 39.24 59.47 129.92 143.49 57.73
377 39.19 53.98 120.45 142.35 59.36
378 39.28 68.74 117.75 129.11 50.89
379 39.24 27.82 83.86 94.58 46.88
380 39.44 79.46 96.17 86.62 39.27
381 39.53 5.63 47.58 47.70 33.85
382 39.57 19.49 68.10 86.30 42.79
383 39.76 65.56 122.68 136.83 55.62
384 39.89 87.52 85.41 85.27 40.93
385 39.91 9.02 68.44 66.42 39.89
386 39.79 16.33 72.42 85.86 45.95
387 39.52 35.89 87.86 106.31 48.46
388 39.46 23.25 62.30 68.66 41.04
389 39.76 49.65 109.02 130.65 53.52
390 39.76 75.63 106.70 111.71 42.53
391 40.13 56.98 117.47 140.82 57.53
392 40.11 46.28 105.82 134.63 55.02
393 40.32 42.28 100.98 117.29 50.45
394 40.50 71.88 97.85 109.14 42.64
395 40.34 80.60 101.58 93.69 38.06
396 40.35 25.81 81.93 101.00 46.49
397 40.27 62.53 116.57 145.02 53.97
398 40.52 94.68 25.20 28.10 18.70
399 40.58 13.16 68.22 79.25 43.24
400 40.39 22.07 71.93 96.40 39.44
401 40.69 38.28 75.65 93.90 44.62
402 40.56 53.26 111.47 135.52 51.67
403 40.75 33.37 83.30 103.93 43.02
404 40.94 3.77 32.95 34.73 25.28
405 41.22 28.53 75.61 104.68 44.37
406 41.17 60.35 107.98 142.99 53.83
407 41.15 92.10 48.63 52.85 30.39
408 41.34 84.69 98.30 97.59 40.03
409 41.31 68.07 106.56 124.00 44.52
410 41.30 49.10 107.53 139.39 52.52
411 41.23 75.70 100.57 90.11 40.96
412 41.34 7.32 59.62 69.17 36.79
413 41.33 17.90 69.70 81.91 39.07
414 41.46 88.69 89.89 91.04 40.91
415 41.51 45.64 100.21 129.17 50.62
416 41.65 64.66 105.07 134.85 46.94
417 41.61 23.02 73.06 99.98 41.22
418 41.68 77.96 98.95 117.93 37.27
419 41.67 57.16 106.49 147.54 53.66
420 41.51 36.87 72.07 101.53 37.81
421 42.07 81.60 100.69 98.54 39.11
422 42.19 9.95 64.69 71.84 38.17
423 41.94 31.48 81.41 121.95 45.65
424 41.85 53.49 112.33 157.02 56.55
425 42.09 40.27 84.64 114.91 44.28
426 42.09 13.48 68.27 87.56 38.91
427 42.29 71.06 98.18 119.92 43.27
428 42.81 5.76 57.51 53.26 27.72
429 42.51 43.68 96.64 129.95 48.43
430 42.72 95.09 26.05 27.72 17.22
431 42.63 25.73 70.47 100.51 40.54
432 42.53 50.77 117.05 154.89 54.42
433 42.17 90.82 52.60 34.38 24.74
434 42.68 74.95 96.67 122.69 42.32
435 42.66 20.10 69.91 97.60 40.23
436 42.84 34.25 72.60 101.19 40.36
437 42.54 61.01 108.95 148.27 50.50
438 42.76 87.58 86.44 92.54 40.34
439 43.20 16.22 66.52 85.60 38.04
440 43.00 55.68 108.46 165.72 55.48
441 43.26 29.67 76.80 107.79 40.25
442 43.30 48.15 92.37 132.88 48.21
443 43.09 79.01 87.23 95.50 38.84
444 43.41 91.90 59.05 62.12 29.63
445 43.34 67.70 95.27 126.24 42.03
446 43.34 64.21 108.35 147.27 47.02
447 43.38 37.63 76.54 113.44 40.18
448 43.60 58.41 104.10 152.22 51.79
449 44.03 86.02 96.26 95.58 37.36
450 43.51 89.26 78.11 61.22 32.08
451 43.77 52.74 99.01 149.63 50.06
452 43.74 12.57 60.54 85.73 36.62
453 43.92 22.67 64.97 100.52 38.46
454 44.04 72.98 88.64 116.11 40.39
455 43.90 82.32 106.62 112.64 40.68
456 43.79 77.39 104.66 117.10 37.83
457 43.85 43.48 90.53 131.33 45.54
458 44.09 8.57 53.08 75.37 32.82
459 44.17 61.69 98.79 150.95 46.52
460 44.15 26.79 67.52 103.47 38.99
461 44.31 18.93 66.79 97.70 36.88
462 44.62 39.75 78.40 110.98 39.81
463 44.55 46.71 86.34 142.28 47.03
464 44.79 31.20 67.31 106.80 37.73
465 44.87 94.30 30.45 38.85 21.07
466 44.82 34.78 74.76 111.74 39.57
467 44.72 55.72 98.92 160.42 48.82
468 44.78 69.47 90.73 140.20 41.35
469 44.91 50.43 91.02 153.21 48.26
470 45.11 5.54 51.57 70.70 32.56
471 45.02 65.76 93.02 139.66 42.97
472 45.41 14.59 58.75 87.73 37.02
473 45.05 79.58 91.97 116.48 36.33
474 45.07 90.79 65.33 76.81 35.19
475 45.19 59.35 100.82 152.54 47.48
476 45.56 11.43 49.40 79.05 32.55
477 45.46 76.06 93.83 126.28 38.87
478 45.46 25.45 69.60 110.52 38.93
479 45.68 44.06 74.40 128.55 41.80
480 45.88 84.50 85.78 102.50 35.97
481 45.76 21.53 57.91 99.47 36.20
482 45.92 88.03 81.42 94.08 33.94
483 45.86 63.26 95.23 150.67 42.33
484 45.90 53.20 94.83 156.50 48.41
485 45.82 17.90 62.83 100.61 35.86
486 46.03 29.03 67.89 114.62 38.04
487 46.00 7.98 47.58 74.82 30.34
488 46.16 72.81 84.00 128.17 39.19
489 46.20 36.49 74.80 119.83 39.85
490 46.08 47.50 86.68 156.91 47.56
491 46.18 40.94 73.12 125.98 38.24
492 46.27 56.47 93.47 152.02 46.28
493 46.43 68.92 79.48 124.02 36.44
494 46.74 92.21 50.49 55.05 28.49
495 46.85 32.29 66.27 115.10 37.52
496 46.74 50.69 90.01 160.68 45.94
497 46.83 60.80 90.16 145.18 41.42
498 46.69 24.43 58.23 102.36 35.68
499 47.30 65.32 87.84 136.10 38.80
500 47.04 77.36 93.62 126.09 38.51
501 47.24 3.42 27.83 34.93 19.00
502 47.15 17.13 52.25 101.70 33.80
503 47.49 27.17 62.34 113.20 35.53
504 47.36 9.05 45.52 85.45 31.30
505 47.35 23.47 62.76 118.35 33.90
506 47.45 38.83 72.78 128.52 38.10
507 47.63 45.00 69.88 125.72 39.22
508 47.74 12.23 52.66 89.53 31.86
509 47.63 88.03 74.59 100.81 33.89
510 47.77 21.11 60.79 109.90 33.69
511 47.78 55.31 94.51 162.72 46.58
512 47.71 48.34 83.21 149.09 42.37
513 47.81 58.11 100.92 174.76 47.42
514 47.86 72.29 79.21 110.30 34.19
515 48.09 84.47 80.87 106.03 34.67
516 48.07 35.03 64.54 120.30 36.15
517 48.20 42.24 69.49 134.66 37.62
518 48.05 52.65 87.21 165.96 44.54
519 48.27 15.12 59.49 103.68 33.67
520 48.02 94.57 33.92 40.36 19.48
521 48.46 67.95 85.92 141.32 36.77
522 48.43 29.94 64.95 115.26 36.18
523 48.50 80.92 89.96 119.16 36.72
524 48.53 3.74 23.88 44.48 19.29
525 48.58 76.73 88.17 125.49 36.26
526 48.50 60.72 91.27 161.91 40.92
527 48.82 91.34 55.71 70.15 28.35
528 48.90 8.33 44.71 88.06 28.49
529 48.91 19.15 58.45 104.11 31.85
530 48.92 63.94 85.26 143.42 37.46
531 49.01 24.74 60.72 105.69 32.83
532 49.04 39.50 67.88 128.94 36.06
533 49.16 50.90 83.06 159.34 41.54
534 48.97 94.95 27.31 32.86 17.57
535 49.28 47.69 74.27 154.38 41.49
536 49.38 87.36 73.16 95.44 31.44
537 49.38 57.30 95.09 165.44 39.92
538 49.65 70.28 79.12 129.01 35.69
539 49.53 32.59 66.31 121.59 34.52
540 49.61 73.66 83.16 132.08 34.13
541 49.53 11.81 53.50 103.64 30.88
542 49.88 44.52 68.15 134.30 37.70
543 49.59 54.07 101.90 169.63 38.59
544 49.85 36.78 64.10 128.32 35.61
545 49.90 6.28 39.76 72.28 25.52
546 49.87 15.43 56.57 112.83 32.94
547 50.13 2.01 13.99 30.51 14.04
548 50.30 83.67 86.07 115.58 33.04
549 50.00 60.54 88.11 159.54 40.00
550 50.19 28.20 59.12 117.69 33.49
551 50.22 80.12 88.49 134.18 36.74
552 50.21 66.40 84.13 142.96 38.84
553 50.16 22.88 64.87 104.59 33.12
554 50.25 96.17 19.98 27.01 12.96
555 50.44 76.65 89.48 136.98 35.55
556 50.41 19.01 59.37 116.34 32.81
557 50.54 91.77 50.81 64.58 23.99
558 50.71 40.57 63.98 122.82 33.65
559 50.67 50.30 78.30 147.45 39.87
560 51.09 9.49 46.68 96.61 27.25
561 50.81 56.14 95.50 170.53 41.42
562 51.12 63.07 77.33 147.18 35.01
563 51.06 4.84 32.01 67.59 21.69
564 51.00 87.70 79.40 109.69 32.35
565 51.24 12.78 54.29 114.58 31.47
566 51.15 35.04 61.77 126.58 33.57
567 51.21 31.46 63.27 126.47 33.48
568 51.03 98.20 9.55 13.77 5.81
569 50.86 21.99 60.04 129.39 28.39
570 51.49 53.32 76.37 155.97 38.06
571 51.47 24.77 59.62 117.78 30.05
572 51.40 70.56 80.88 131.84 33.76
573 51.51 46.60 72.74 150.73 39.60
574 51.51 58.83 87.66 158.40 39.37
575 51.76 74.17 79.56 127.95 33.19
576 51.59 16.08 60.13 113.76 30.78
577 51.86 43.30 68.11 149.68 35.66
578 51.91 66.58 79.26 151.26 35.43
579 52.13 1.98 16.07 33.63 13.51
580 52.09 85.32 86.05 116.37 31.56
581 52.01 28.22 64.95 132.59 31.44
582 52.14 77.97 81.62 120.81 32.05
583 52.03 19.58 55.42 106.10 28.61
584 51.99 94.87 27.02 39.89 16.37
585 52.33 81.81 83.81 113.79 30.43
586 52.34 90.89 56.54 70.12 27.11
587 52.49 5.63 35.23 79.61 23.42
588 52.25 49.60 76.26 158.82 37.56
589 52.44 36.43 60.40 134.42 32.92
590 52.59 40.18 62.33 127.98 34.00
591 52.61 61.35 81.27 153.74 35.53
592 52.58 9.11 44.90 100.37 25.95
593 52.70 56.24 85.40 158.99 37.56
594 53.11 22.20 54.00 112.30 28.08
595 53.04 30.87 54.74 123.95 30.21
596 53.02 15.20 49.07 105.78 28.84
597 53.10 52.89 77.96 169.69 38.56
598 53.29 69.41 74.68 140.08 32.96
599 53.23 25.76 63.17 136.18 33.03
600 53.31 65.05 83.79 150.70 34.53
601 53.54 72.82 79.53 132.82 31.63
602 53.59 34.22 61.95 137.36 31.05
603 53.32 45.71 64.69 147.70 37.99
604 53.42 87.94 71.78 102.52 30.02
605 53.63 11.75 50.05 108.73 27.44
606 53.72 3.71 27.90 60.62 17.01
607 53.81 94.28 28.27 47.73 17.72
608 53.79 59.25 82.46 170.88 35.24
609 54.13 75.86 81.79 128.48 31.75
610 53.88 79.69 79.16 124.47 30.83
611 53.66 49.67 71.14 163.87 37.45
612 54.11 19.32 56.85 105.40 27.89
613 54.06 84.12 78.72 110.90 31.08
614 54.15 42.68 64.08 142.18 34.65
615 54.21 37.83 63.36 140.44 34.27
616 53.92 39.47 59.09 135.76 33.80
617 54.21 7.74 39.96 88.39 23.62
618 54.20 1.49 12.38 24.45 9.91
619 54.30 55.97 82.61 176.13 38.84
620 54.24 28.13 51.91 131.86 28.45
621 54.67 62.82 68.38 139.30 31.88
622 54.53 91.46 46.31 73.64 23.32
623 54.53 15.24 49.00 118.34 27.70
624 54.81 31.15 53.72 133.11 29.09
625 54.66 52.58 73.31 166.42 37.28
626 54.69 67.59 76.83 149.76 31.93
627 54.80 47.44 67.73 154.34 37.15
628 55.06 23.55 53.94 117.05 28.90
629 54.70 26.55 60.02 131.41 31.32
630 55.20 35.64 52.80 132.60 30.37
631 55.37 88.78 65.44 93.17 27.64
632 55.49 3.06 20.94 49.24 15.05
633 55.34 11.00 45.72 111.23 25.09
634 55.71 70.82 70.36 126.95 30.18
635 55.31 59.02 71.82 157.70 33.47
636 55.15 49.96 65.94 122.14 35.00
637 55.46 40.01 56.24 138.32 32.37
638 55.87 82.00 75.80 117.69 30.19
639 55.62 78.28 77.28 126.19 30.96
640 55.69 94.57 23.33 41.30 15.65
641 55.76 44.02 58.81 145.34 35.13
642 55.74 85.50 71.37 119.93 28.56
643 55.83 7.55 39.09 93.03 22.66
644 55.74 17.16 44.07 117.88 27.21
645 56.10 74.41 68.45 132.17 29.10
646 55.84 54.95 69.70 165.91 34.83
647 56.18 20.61 47.30 121.52 27.48
648 55.92 27.46 51.10 127.64 27.85
649 56.01 66.41 76.34 154.70 31.51
650 56.32 13.70 42.91 114.88 25.61
651 56.25 32.95 52.74 139.67 30.55
652 56.27 51.23 62.22 162.05 34.32
653 56.43 47.48 64.53 159.05 33.79
654 56.62 62.93 69.67 143.87 32.30
655 56.70 91.50 43.37 70.79 22.90
656 56.64 58.39 70.07 156.14 34.20
657 57.01 36.44 51.29 139.46 29.62
658 57.08 5.12 32.16 87.22 18.24
659 57.27 23.30 45.32 121.25 26.19
660 56.95 40.13 58.05 152.38 31.94
661 57.21 2.11 14.43 41.92 11.18
662 57.32 11.00 47.89 112.65 23.93
663 57.50 30.62 48.61 130.56 27.68
664 57.25 27.20 46.72 144.27 27.34
665 57.34 54.05 64.94 164.56 33.51
666 57.32 78.36 69.29 132.22 30.32
667 57.34 86.10 69.22 115.59 28.08
668 57.41 17.10 39.71 110.68 25.19
669 57.35 43.64 59.40 154.26 33.20
670 57.55 67.17 68.86 139.30 30.97
671 57.81 71.28 65.72 128.64 28.96
672 57.71 94.76 18.59 33.54 12.98
673 57.76 7.93 36.70 104.82 21.16
674 57.83 89.33 57.33 95.15 27.06
675 57.92 82.39 70.44 116.82 28.89
676 57.66 50.34 65.48 165.67 33.58
677 57.73 60.21 65.97 164.94 33.92
678 58.01 74.94 72.58 145.35 29.26
679 58.11 46.71 57.58 160.31 32.88
680 58.30 34.12 48.95 135.45 28.30
681 58.50 55.70 61.91 163.00 32.64
682 58.34 20.49 39.84 126.49 25.88
683 58.47 14.10 43.38 116.74 24.91
684 58.52 38.55 52.71 141.80 29.78
685 58.90 63.03 61.77 132.93 29.17
686 58.66 26.15 43.17 129.18 25.92
687 58.91 42.27 54.84 145.91 30.71
688 58.92 58.59 63.66 174.11 32.67
689 59.26 91.32 37.68 64.77 20.31
690 59.14 52.37 62.88 177.59 33.66
691 59.11 66.48 64.77 157.59 30.72
692 59.10 86.48 63.68 109.18 26.70
693 59.14 78.67 66.38 121.83 27.35
694 59.20 49.30 61.24 170.03 33.19
695 59.36 11.53 46.31 124.25 24.08
696 59.24 29.63 49.22 135.09 26.66
697 59.31 17.87 41.94 123.43 24.94
698 59.33 8.22 37.95 114.72 20.82
699 59.51 69.97 64.68 148.60 29.49
700 59.54 94.66 17.73 38.53 13.04
701 59.66 23.80 42.65 125.70 26.00
702 59.65 74.00 60.28 130.48 28.48
703 59.67 45.26 59.37 165.62 33.06
704 59.84 83.14 74.36 121.24 26.23
705 59.70 33.69 46.12 142.87 27.01
706 60.00 38.21 52.54 141.24 29.23
707 60.40 15.38 41.92 120.92 23.34
708 60.39 56.73 64.07 168.27 33.00
709 60.21 59.99 64.61 169.77 30.58
710 60.46 6.10 29.82 94.13 17.39
711 60.63 20.36 40.88 122.94 24.08
712 60.55 88.70 44.76 87.88 23.49
713 60.62 53.75 61.38 170.41 32.46
714 60.65 47.49 54.60 166.98 31.95
715 60.75 42.18 54.05 149.50 30.00
716 60.89 80.40 67.34 122.44 26.98
717 60.64 67.08 59.32 149.37 29.43
718 60.90 62.86 59.68 149.85 29.21
719 60.86 30.03 43.52 137.83 26.24
720 60.98 76.21 61.17 126.70 27.65
721 60.95 50.41 58.74 174.28 31.31
722 60.90 10.82 37.04 112.43 21.94
723 61.21 71.17 58.62 137.75 28.65
724 61.09 34.01 44.50 143.37 27.50
725 61.33 85.06 60.16 115.26 26.72
726 61.60 92.65 23.26 42.92 14.61
727 61.40 23.63 41.94 135.35 24.66
728 61.65 27.08 40.24 131.64 24.57
729 61.62 4.26 22.44 75.74 14.13
730 61.55 38.96 51.16 141.59 29.75
731 61.79 44.65 54.89 160.88 29.43
732 61.91 13.81 39.33 124.95 23.24
733 61.99 17.52 42.52 127.30 23.56
734 62.10 8.26 34.53 109.42 19.60
735 62.19 59.86 58.96 151.59 30.63
736 61.88 65.52 62.53 167.52 29.09
737 62.06 56.40 58.82 167.30 32.16
738 62.08 52.49 59.29 177.37 30.43
739 62.20 89.08 43.26 82.30 21.42
740 62.35 78.14 60.72 126.59 27.37
741 62.30 35.53 46.88 158.85 26.36
742 62.33 48.24 55.83 166.38 31.24
743 62.50 73.01 56.60 141.25 26.30
744 62.61 82.60 58.10 113.80 24.88
745 62.70 68.38 60.11 149.13 27.76
746 62.79 20.75 40.05 131.13 24.29
747 62.85 29.70 42.87 132.22 25.09
748 62.99 63.51 66.19 170.84 30.01
749 63.14 11.35 39.55 122.20 20.37
750 63.01 24.63 43.10 135.40 24.98
751 63.26 33.24 45.46 147.54 26.28
752 63.10 43.59 51.97 151.36 28.93
753 63.15 5.35 25.86 84.34 14.52
754 63.34 86.29 49.93 102.32 24.10
755 63.12 38.77 48.52 147.25 27.48
756 63.30 54.33 64.41 182.75 32.69
757 63.45 50.79 56.81 176.23 29.27
758 63.55 15.09 37.88 125.86 22.33
759 63.62 92.81 19.35 38.40 12.80
760 63.53 75.87 56.32 150.70 26.61
761 63.89 47.07 52.56 163.75 30.01
762 64.06 57.07 60.09 159.27 29.82
763 63.91 79.61 58.80 131.70 25.89
764 63.84 70.02 62.49 158.29 27.79
765 64.13 8.58 35.02 113.80 19.56
766 64.00 60.92 63.34 163.39 29.66
767 64.31 18.37 39.05 124.37 23.07
768 64.36 89.41 34.80 68.32 18.93
769 63.92 74.14 62.44 117.36 26.41
770 64.20 40.53 48.72 156.66 27.24
771 64.14 65.75 56.68 145.96 27.56
772 64.24 26.81 39.29 135.14 24.70
773 64.50 82.92 57.41 129.59 24.30
774 64.55 22.16 39.32 132.02 23.62
775 64.63 35.92 42.13 144.20 25.83
776 64.75 31.51 42.79 137.21 25.75
777 64.72 53.20 67.35 186.86 31.80
778 64.87 72.54 55.43 138.97 25.17
779 64.91 43.24 47.37 154.07 28.28
780 65.11 5.50 24.57 82.90 14.13
781 64.90 12.23 41.42 123.99 20.64
782 65.05 49.79 60.48 168.59 29.66
783 65.23 76.93 56.19 128.40 25.60
784 65.45 85.41 49.31 103.25 22.52
785 65.21 93.52 15.48 32.28 9.95
786 65.31 68.39 58.63 139.96 26.73
787 65.33 59.35 61.85 185.58 29.49
788 65.83 17.04 38.96 129.85 23.07
789 65.52 62.96 70.20 175.43 30.92
790 65.59 46.12 55.23 165.10 28.96
791 65.71 28.26 43.22 145.95 24.94
792 65.75 24.29 40.42 145.79 23.39
793 65.84 39.00 44.83 149.04 26.33
794 65.86 56.44 60.24 172.16 30.14
795 65.99 9.03 31.30 110.63 18.36
796 66.03 80.30 52.51 122.15 23.86
797 66.34 87.93 37.05 79.55 20.91
798 66.17 13.72 36.03 132.42 21.35
799 66.49 20.89 37.39 124.29 22.43
800 66.32 34.94 43.67 148.68 24.86
801 66.37 91.09 24.72 56.37 14.93
802 66.20 53.39 55.32 171.92 29.76
803 66.39 66.15 59.57 158.84 26.42
804 66.15 81.98 54.59 138.38 24.89
805 66.62 31.52 46.28 156.81 25.91
806 66.46 72.25 56.18 117.89 23.68
807 66.66 42.36 47.13 152.54 26.64
808 66.68 47.67 54.60 171.50 28.63
809 67.04 51.02 54.23 173.92 28.87
810 66.83 60.74 58.82 165.57 28.27
811 66.92 77.30 48.81 113.35 23.88
812 66.60 5.25 20.31 79.90 12.56
813 67.32 83.08 48.99 110.26 22.80
814 67.24 24.90 40.02 134.58 23.28
815 67.29 6.19 21.50 91.05 14.63
816 67.53 10.74 31.55 110.98 19.77
817 67.63 28.71 40.89 142.78 24.19
818 67.84 68.91 53.61 133.82 25.51
819 67.54 57.35 57.69 165.84 28.16
820 67.56 37.62 46.66 156.33 25.73
821 67.69 64.66 61.25 156.84 27.44
822 67.68 18.58 37.64 137.23 22.16
823 67.68 14.62 38.65 143.70 22.63
824 67.85 44.55 47.45 163.83 26.19
825 68.03 54.37 50.81 178.44 27.57
826 68.13 73.24 53.47 125.09 23.12
827 68.28 33.29 44.47 142.83 24.12
828 68.35 89.19 23.24 56.56 15.84
829 68.34 85.78 39.23 95.10 21.18
830 68.21 47.95 49.08 167.14 27.23
831 68.45 40.78 41.94 154.60 25.37
832 68.50 7.29 23.86 102.34 14.26
833 68.34 61.23 60.27 165.51 27.13
834 68.58 77.41 55.23 120.09 23.52
835 68.85 21.30 40.27 130.65 22.24
836 68.86 51.72 50.35 171.74 28.43
837 68.90 81.31 52.61 124.54 23.99
838 68.78 25.25 38.81 139.92 22.94
839 68.86 16.32 32.63 139.08 20.60
840 69.18 29.46 38.97 147.79 23.59
841 69.36 13.03 35.68 126.32 20.67
842 69.24 36.27 39.03 150.20 24.21
843 69.26 58.42 56.60 175.52 27.54
844 69.32 66.18 58.26 136.82 25.89
845 69.58 9.88 27.75 120.53 17.88
846 69.46 43.88 42.83 154.69 26.37
847 69.85 70.96 51.52 119.78 22.27
848 69.46 17.52 37.07 125.16 20.90
849 69.64 48.86 48.44 169.57 27.59
850 69.69 55.15 51.01 174.00 28.02
851 69.99 61.90 58.05 155.46 26.91
852 70.22 75.33 48.88 120.11 22.80
853 69.98 84.36 39.06 106.44 20.19
854 70.16 38.91 39.64 154.94 23.71
855 70.29 31.30 36.62 133.37 22.25
856 70.84 86.97 26.71 65.18 16.57
857 70.52 79.45 47.65 117.66 22.97
858 70.49 26.48 39.18 140.62 22.45
859 70.68 89.90 16.95 45.05 11.05
860 70.67 7.23 22.06 93.66 14.12
861 70.52 19.28 33.60 131.43 20.16
862 70.63 22.96 38.89 135.85 22.00
863 70.75 14.79 33.42 121.41 20.35
864 70.81 53.05 48.98 158.68 28.50
865 70.81 45.80 42.68 159.77 26.07
866 71.02 33.95 39.88 140.61 23.70
867 70.90 64.80 54.22 161.69 24.62
868 70.88 57.76 52.92 170.59 26.39
869 71.04 41.58 40.57 161.23 25.82
870 71.41 68.42 52.86 123.70 22.82
871 71.12 49.49 46.24 168.44 26.79
872 71.54 10.81 29.24 109.68 17.86
873 71.54 82.94 39.34 103.01 21.54
874 71.76 37.05 38.76 150.60 23.94
875 71.74 60.52 57.04 163.27 25.18
876 72.00 72.72 47.97 126.65 23.23
877 72.02 17.33 31.53 136.12 22.08
878 71.83 28.96 36.60 143.00 21.73
879 72.14 77.00 45.35 113.62 21.82
880 72.32 20.95 30.94 124.69 20.05
881 72.22 55.50 53.40 161.76 25.89
882 72.19 42.91 43.52 155.36 25.10
883 72.56 24.55 36.96 144.05 21.99
884 72.50 47.95 44.45 162.31 26.99
885 72.46 51.63 52.37 168.40 27.67
886 72.38 89.76 12.80 35.21 8.49
887 72.51 64.56 46.39 138.74 22.79
888 72.60 13.77 31.94 133.28 19.29
889 72.93 80.58 39.35 120.42 22.18
890 73.01 7.08 19.15 73.35 12.35
891 72.85 32.74 34.94 131.40 22.49
892 73.16 86.76 19.94 56.27 14.12
893 72.95 38.13 39.36 156.50 24.22
894 73.40 83.59 32.47 89.55 19.31
895 73.44 70.59 45.18 127.04 22.92
896 73.15 59.82 50.75 156.54 26.18
897 73.25 45.26 45.61 181.10 26.26
898 73.36 27.80 35.23 152.75 21.83
899 73.63 10.23 26.56 114.96 16.46
900 73.75 41.61 43.08 156.84 24.83
901 73.81 17.01 32.81 132.64 20.81
902 73.69 55.31 51.64 170.89 27.63
903 74.20 67.53 45.12 124.54 22.64
904 74.33 74.04 47.19 130.61 21.89
905 74.10 77.33 47.04 125.94 21.88
906 73.99 63.45 47.98 158.66 22.83
907 74.04 20.84 32.69 140.83 20.73
908 74.26 48.94 48.78 158.06 26.11
909 74.12 52.19 50.72 169.82 25.40
910 74.35 13.68 31.21 139.18 19.05
911 74.54 29.91 34.28 153.61 22.05
912 74.55 33.55 37.12 137.02 21.85
913 74.48 58.27 51.70 160.51 25.60
914 74.28 37.73 40.86 169.34 24.14
915 74.60 24.05 32.36 140.90 21.23
916 74.66 45.00 40.42 165.86 24.43
917 75.05 80.27 39.46 106.47 21.17
918 74.96 84.60 23.70 61.46 15.45
919 75.37 7.97 17.57 81.60 12.02
920 75.34 62.41 48.31 146.93 22.81
921 75.53 26.64 34.02 148.82 20.61
922 75.47 11.47 24.11 127.97 16.60
923 75.39 40.30 42.34 170.80 25.35
924 75.54 54.95 47.34 166.28 25.18
925 75.59 18.98 33.05 132.05 20.87
926 75.89 71.18 39.52 115.26 21.60
927 76.05 66.71 42.55 119.13 21.20
928 75.71 36.16 38.01 156.56 22.94
929 75.82 51.56 44.02 162.36 24.63
930 75.97 15.18 31.20 134.49 19.47
931 75.87 47.90 43.21 161.97 24.14
932 75.96 43.68 44.08 183.25 25.25
933 76.03 58.32 49.68 160.20 24.20
934 76.14 75.28 42.66 116.54 20.88
935 76.20 30.15 35.20 144.00 21.16
936 76.38 22.53 35.77 140.26 20.36
937 76.63 85.55 16.94 44.01 11.51
938 76.70 78.71 41.33 116.70 21.51
939 76.92 33.41 36.23 147.68 21.71
940 76.87 81.80 29.99 75.09 16.99
941 76.94 61.15 41.99 146.66 22.85
942 76.88 40.49 37.61 156.32 23.99
943 77.14 45.82 41.30 164.71 24.50
944 77.06 11.82 24.00 116.92 16.18
945 77.20 25.99 30.98 136.10 20.62
946 77.18 53.82 43.80 169.75 25.09
947 77.38 8.27 17.05 80.97 12.19
948 77.32 16.83 32.78 138.24 19.34
949 77.47 37.01 37.00 151.72 22.40
950 77.43 50.48 41.86 157.16 23.83
951 77.59 19.76 33.25 147.07 20.06
952 77.56 64.70 42.53 139.24 20.65
953 77.72 56.87 43.50 149.41 23.83
954 77.67 69.78 43.79 113.63 20.72
955 77.75 75.99 42.51 119.86 20.33
956 77.86 30.07 35.91 147.40 20.82
957 78.19 41.58 38.12 155.18 24.10
958 78.29 83.24 20.24 55.04 12.55
959 78.37 14.70 29.78 131.26 17.19
960 78.52 22.38 35.77 140.03 20.46
961 78.39 48.34 39.58 166.21 23.20
962 78.74 73.55 44.23 128.50 20.43
963 78.71 59.31 44.45 147.64 23.01
964 78.96 78.06 33.78 81.67 18.90
965 78.80 11.25 20.68 110.09 13.81
966 78.92 33.18 35.30 140.07 20.79
967 78.83 45.19 37.21 164.32 22.67
968 78.85 25.77 35.17 146.18 21.57
969 78.81 52.95 40.04 155.30 24.33
970 79.37 62.79 41.30 120.47 21.00
971 79.15 36.65 35.91 148.80 22.23
972 79.18 66.57 41.10 134.68 20.23
973 79.34 18.59 30.57 128.19 19.75
974 79.42 28.73 34.02 144.48 21.64
975 79.64 70.35 42.79 127.09 20.64
976 79.64 80.68 22.97 72.07 13.87
977 79.88 55.61 39.34 135.24 22.68
978 79.84 39.49 36.62 158.73 23.32
979 79.69 42.78 37.59 166.64 23.43
980 79.85 48.37 38.15 145.97 23.74
981 79.94 14.33 23.96 125.57 16.36
982 80.23 22.48 33.97 136.66 19.97
983 80.31 59.17 41.05 138.27 21.24
984 80.42 51.79 39.64 162.56 22.37
985 80.45 31.40 34.43 155.22 21.46
986 80.55 73.44 37.39 116.94 20.72
987 80.76 11.00 17.60 92.27 12.00
988 80.79 82.13 15.49 41.71 10.28
989 80.84 77.54 27.27 78.05 16.89
990 80.86 25.45 34.20 152.15 22.05
991 80.95 34.89 33.97 137.08 21.46
992 80.78 67.07 41.40 130.89 20.36
993 80.98 16.96 28.37 140.35 18.11
994 81.10 43.15 36.87 148.16 22.68
995 81.40 19.74 30.33 147.17 19.87
996 81.33 46.89 34.32 153.68 22.91
997 81.51 28.15 31.88 142.07 19.74
998 81.35 38.81 35.45 146.47 22.32
999 81.63 61.32 37.51 129.25 19.97
1000 81.86 64.84 36.80 116.78 20.03
1001 81.78 70.17 35.25 117.06 19.46
1002 81.69 14.09 25.25 130.55 15.33
1003 81.83 53.92 36.06 138.14 21.62
1004 81.96 57.14 36.25 134.58 21.42
1005 81.82 50.31 38.12 163.54 21.67
1006 82.16 74.98 27.79 90.49 17.64
1007 82.08 31.48 32.62 147.48 19.66
1008 82.16 22.66 32.21 146.16 20.45
1009 82.26 81.43 11.59 33.94 7.66
1010 82.54 36.30 33.25 150.68 20.60
1011 82.84 78.32 18.51 50.80 11.87
1012 82.77 11.55 16.37 81.03 10.56
1013 82.58 42.60 35.77 159.68 21.75
1014 82.87 46.32 34.45 143.08 20.37
1015 83.03 15.08 23.30 118.62 16.00
1016 83.17 25.01 32.50 139.39 19.72
1017 83.06 71.83 36.72 114.01 18.75
1018 83.17 39.70 33.76 152.10 19.77
1019 83.16 18.04 29.31 133.01 18.63
1020 83.24 59.78 33.17 126.80 19.81
1021 83.40 67.24 37.27 124.31 19.27
1022 83.29 28.51 30.83 143.53 19.82
1023 83.38 33.47 31.61 139.64 20.38
1024 83.35 50.47 35.67 143.94 21.09
1025 83.87 63.45 34.34 113.04 19.75
1026 83.68 54.21 38.06 134.88 21.24
1027 83.64 21.30 30.93 137.97 18.87
1028 83.48 64.66 36.12 152.19 20.07
1029 84.31 77.11 16.81 46.13 11.46
1030 84.22 43.04 32.74 141.76 20.59
1031 84.28 37.48 33.40 142.87 19.39
1032 84.65 57.57 31.21 124.71 18.41
1033 84.48 73.34 26.14 81.38 15.60
1034 84.43 69.27 37.77 123.21 19.55
1035 84.48 46.91 35.37 138.64 20.00
1036 84.33 31.45 32.37 169.59 20.65
1037 84.74 14.39 17.46 99.72 12.63
1038 84.51 28.51 35.31 177.12 20.66
1039 84.83 17.65 25.82 136.80 17.18
1040 84.91 25.07 32.01 139.22 20.29
1041 85.02 61.18 32.37 134.21 19.96
1042 85.03 50.16 37.23 143.39 20.15
1043 85.10 34.28 29.93 138.58 19.84
1044 85.05 21.21 30.35 136.77 18.70
1045 85.46 40.57 33.91 144.05 20.13
1046 85.48 53.84 32.23 128.58 20.07
1047 85.74 27.89 30.18 148.82 19.83
1048 85.82 31.12 31.87 154.68 20.45
1049 85.94 44.01 31.44 133.82 19.82
1050 85.64 68.91 30.01 97.42 18.39
1051 85.94 37.07 32.18 143.52 20.29
1052 86.03 76.89 11.04 35.93 7.80
1053 86.08 73.30 19.08 63.44 13.09
1054 86.27 23.30 27.66 137.24 18.28
1055 86.53 66.06 31.67 110.96 18.23
1056 86.55 46.88 31.28 127.73 19.33
1057 86.30 17.96 27.23 136.58 16.12
1058 86.50 62.97 32.92 125.04 19.25
1059 86.60 56.55 32.43 113.91 18.74
1060 86.62 15.06 17.32 91.35 12.10
1061 86.55 50.72 32.25 135.72 19.92
1062 87.16 59.89 31.40 114.42 17.92
1063 86.94 69.87 22.16 75.73 15.29
1064 87.05 20.37 26.14 146.30 17.75
1065 87.04 32.74 32.00 127.89 20.29
1066 87.09 40.14 30.84 136.90 20.44
1067 87.08 27.66 29.98 128.16 19.19
1068 87.39 36.20 30.78 133.40 20.08
1069 87.51 74.35 12.47 41.88 8.86
1070 87.98 52.90 30.29 116.34 18.28
1071 87.89 42.99 29.70 126.60 18.80
1072 87.76 23.69 28.90 137.38 19.51
1073 87.95 48.94 33.42 137.73 19.26
1074 88.02 17.61 19.67 104.59 13.86
1075 88.37 30.29 30.74 131.38 20.57
1076 88.37 66.55 25.83 90.25 16.20
1077 88.29 63.18 27.94 112.97 18.03
1078 88.63 45.84 30.55 126.27 19.44
1079 88.32 56.49 30.13 121.80 18.67
1080 88.47 69.87 19.15 65.30 12.70
1081 88.65 21.03 23.22 138.12 17.45
1082 88.61 26.64 24.78 126.69 19.20
1083 88.79 34.80 28.41 126.86 19.88
1084 88.68 39.23 30.67 125.66 18.35
1085 88.97 72.80 10.64 35.65 7.82
1086 89.21 59.79 31.24 116.22 18.48
1087 89.47 49.56 30.18 104.06 18.61
1088 89.58 18.93 19.35 128.38 14.26
1089 89.77 32.00 28.16 137.43 19.53
1090 89.81 55.85 29.25 113.20 17.75
1091 89.83 22.92 25.66 127.46 17.33
1092 89.92 42.02 30.39 119.37 18.93
1093 89.69 51.99 28.45 117.44 19.00
1094 90.23 62.76 25.19 85.00 16.76
1095 90.19 38.10 29.79 125.44 18.32
1096 90.07 26.10 25.31 130.56 18.27
1097 90.08 66.42 20.01 75.07 13.60
1098 90.35 69.90 13.65 38.50 9.45
1099 90.20 45.67 31.21 125.39 19.49
1100 90.63 29.14 27.52 127.11 19.23
1101 90.76 34.70 28.99 124.62 18.82
1102 91.18 52.42 29.06 116.20 18.31
1103 91.23 49.02 30.87 123.86 19.06
1104 91.05 19.84 19.30 106.64 12.41
1105 91.40 59.27 26.60 91.38 17.79
1106 91.32 55.95 28.49 121.32 17.85
1107 91.51 22.64 23.19 124.14 15.05
1108 91.66 41.12 29.91 118.97 20.07
1109 91.64 25.68 24.94 128.37 16.98
1110 91.69 65.92 15.37 59.43 11.35
1111 91.91 31.97 25.15 118.27 18.85
1112 91.89 45.65 29.72 119.08 19.83
1113 91.92 37.52 26.64 122.04 19.92
1114 92.14 62.69 20.04 75.93 13.29
1115 92.58 28.60 26.04 116.85 17.72
1116 92.73 54.48 28.01 108.40 17.59
1117 93.07 34.96 27.56 118.23 18.63
1118 92.87 21.18 16.62 95.81 12.01
1119 93.01 43.40 28.33 117.04 19.07
1120 92.99 49.45 29.34 102.81 18.74
1121 93.37 60.33 21.68 75.53 14.20
1122 93.23 24.28 20.19 116.43 14.52
1123 93.77 38.53 26.82 110.67 19.19
1124 93.71 57.00 25.68 93.91 16.00
1125 94.01 32.06 23.81 113.80 16.75
1126 94.12 52.06 25.17 98.37 16.97
1127 94.29 41.53 25.78 111.05 18.38
1128 94.18 46.30 28.04 112.38 18.62
1129 94.19 63.14 13.19 47.01 9.58
1130 94.14 26.25 21.63 120.71 14.63
1131 94.53 29.28 23.95 112.78 15.35
1132 95.00 35.86 24.40 115.11 16.46
1133 95.11 57.92 19.42 74.60 12.76
1134 95.36 54.02 24.51 97.68 15.40
1135 95.53 48.42 24.05 93.38 15.48
1136 95.62 44.03 25.33 100.73 16.42
1137 95.50 26.25 15.56 103.44 12.19
1138 95.81 32.71 21.91 108.20 15.43
1139 95.73 61.17 10.48 38.51 8.10
1140 96.03 39.48 23.63 98.99 16.39
1141 96.34 51.08 21.39 92.71 13.97
1142 96.35 29.46 18.53 93.67 12.25
1143 96.76 56.69 13.89 51.39 10.18
1144 96.79 35.99 20.62 105.71 15.11
1145 97.14 42.89 22.27 98.68 13.71
1146 97.20 46.71 19.11 82.14 13.67
1147 97.48 53.41 14.97 62.80 9.87
1148 97.51 33.01 19.06 96.86 11.82
1149 97.81 39.52 20.93 96.71 12.68
1150 98.26 49.55 14.26 53.95 9.89
1151 98.76 43.66 15.10 61.76 10.99

