#<Embryo name> <Cleavage cycle> <Temporal class> <Genes>
ad31 13  - even-skipped caudal bicoid

#Quantitative data
#<Nucleus number> <A-P coordinate> <D-V coordinate> <Fluorescence intensity: channel 1 - eve, channel 2 - cad, channel 3 - bcd>
0 2.92 52.77 11.65 23.06 200.44
1 3.28 48.43 13.75 24.99 213.12
2 3.44 57.32 12.95 25.50 213.87
3 3.99 61.14 10.95 21.73 187.34
4 4.19 41.20 11.02 19.09 189.79
5 4.52 45.70 15.16 24.95 202.52
6 4.84 55.93 16.05 31.14 202.87
7 4.97 51.06 16.27 28.28 202.10
8 5.46 38.12 12.56 20.25 189.45
9 5.86 62.97 14.97 28.73 194.06
10 6.05 42.70 15.72 26.41 189.45
11 6.51 59.29 17.35 31.05 188.58
12 5.90 66.82 12.38 23.68 180.91
13 6.07 33.77 9.35 13.79 155.51
14 6.49 48.20 16.72 28.78 181.80
15 6.37 54.92 18.60 34.14 206.77
16 7.09 30.20 7.57 12.28 134.53
17 7.16 69.49 11.75 26.92 181.32
18 6.80 38.48 14.66 20.82 177.39
19 7.59 53.51 20.20 32.96 178.39
20 7.34 36.42 14.37 24.65 171.91
21 7.78 44.15 22.31 33.99 198.11
22 7.60 65.03 16.60 31.58 174.34
23 8.10 40.27 19.50 33.61 198.01
24 8.12 72.73 10.17 20.71 147.51
25 8.22 32.26 15.38 21.61 167.44
26 8.69 47.10 20.76 35.52 180.58
27 8.48 60.17 22.10 37.39 183.23
28 8.74 51.88 22.28 33.45 179.36
29 8.96 36.13 19.47 28.29 172.12
30 8.95 50.13 23.41 42.31 181.26
31 9.13 68.68 17.74 30.95 164.06
32 9.45 27.96 11.82 18.55 134.35
33 9.24 64.42 20.54 36.54 171.88
34 9.45 56.20 21.25 35.32 164.76
35 9.72 41.66 21.18 32.31 163.98
36 9.98 75.33 11.04 22.24 127.76
37 10.34 71.45 18.61 32.20 152.79
38 10.14 32.22 19.65 30.59 176.45
39 10.64 49.07 25.48 39.14 168.64
40 10.61 59.94 24.88 41.41 165.76
41 10.52 53.62 23.20 37.57 153.07
42 10.64 36.42 21.45 33.36 169.21
43 10.97 44.80 26.36 41.01 169.57
44 10.94 64.05 22.91 42.60 174.54
45 11.49 67.23 23.66 39.39 166.85
46 11.35 52.48 24.33 39.82 168.63
47 11.60 25.61 14.53 20.55 124.88
48 11.57 30.36 19.82 27.55 144.20
49 11.52 40.27 25.09 39.88 166.03
50 11.96 55.92 28.33 45.57 170.27
51 11.76 74.08 20.65 34.66 155.34
52 12.15 21.85 9.25 16.18 114.44
53 12.09 34.87 21.42 35.07 148.37
54 11.93 70.08 21.89 32.55 120.24
55 12.48 61.04 26.21 46.12 156.45
56 12.61 46.04 27.33 43.86 154.17
57 12.84 50.80 27.65 41.29 149.48
58 12.75 37.08 21.06 31.57 130.90
59 13.12 77.18 17.97 32.42 128.02
60 13.24 40.92 27.07 40.44 139.12
61 13.47 64.93 26.22 47.59 149.88
62 13.23 31.76 24.34 36.16 149.74
63 13.10 72.52 25.43 44.01 158.17
64 13.33 68.39 28.56 47.29 159.24
65 13.56 56.96 29.07 45.77 146.05
66 13.87 22.39 16.07 23.65 114.87
67 14.14 34.91 27.88 40.80 150.49
68 14.27 44.26 30.26 44.93 153.24
69 14.53 49.32 33.51 49.55 155.80
70 14.10 61.67 28.26 41.25 130.04
71 14.79 53.43 31.31 47.48 139.01
72 14.45 71.52 29.37 51.28 160.50
73 14.58 59.70 33.57 55.27 156.30
74 14.85 74.72 25.66 42.87 131.38
75 14.78 25.62 21.35 34.26 137.22
76 15.25 38.04 29.54 42.13 129.10
77 14.54 46.07 32.47 47.07 150.96
78 15.26 78.38 23.96 39.66 122.02
79 15.16 30.17 27.70 39.58 131.47
80 15.22 68.63 33.90 52.15 150.69
81 15.51 41.74 33.29 46.56 130.28
82 15.49 82.09 16.63 27.44 93.95
83 15.75 65.44 35.38 50.14 128.84
84 16.02 57.16 32.34 51.83 126.68
85 15.87 61.56 35.90 56.84 142.96
86 16.16 22.10 20.50 29.93 114.69
87 15.45 34.24 32.64 38.21 138.31
88 16.08 47.30 32.80 46.46 132.93
89 15.91 18.13 15.21 21.51 106.03
90 16.43 26.96 24.73 37.85 120.21
91 16.67 52.52 33.39 51.28 128.83
92 16.44 71.51 33.54 50.57 137.34
93 16.22 34.07 33.33 42.62 131.61
94 17.02 75.62 35.47 51.27 129.18
95 17.13 44.36 34.97 53.21 134.06
96 17.26 31.95 30.68 43.34 120.16
97 17.21 79.60 28.01 42.05 110.82
98 17.60 40.43 34.29 48.91 117.82
99 17.74 36.46 32.95 46.69 119.26
100 17.40 63.25 41.80 60.14 142.54
101 17.50 18.14 18.89 28.26 100.12
102 17.85 67.79 37.84 55.56 122.13
103 17.95 49.67 35.85 55.04 125.89
104 18.02 25.24 30.60 40.32 113.45
105 18.05 59.55 34.30 55.94 122.58
106 18.11 55.57 37.84 57.68 131.29
107 18.07 84.47 21.64 33.90 93.39
108 18.08 71.97 41.07 59.98 126.87
109 18.49 21.91 26.29 34.45 102.96
110 18.58 28.71 31.10 43.98 112.90
111 18.67 45.57 38.13 58.89 129.08
112 18.87 80.93 33.16 49.00 113.92
113 18.85 76.80 37.74 54.19 114.31
114 18.54 33.40 34.70 38.77 106.20
115 19.00 64.25 45.35 61.99 128.26
116 19.07 17.68 23.54 33.52 95.29
117 19.69 52.47 37.59 56.33 112.22
118 19.28 32.31 37.33 51.84 114.56
119 19.53 39.22 38.87 55.70 118.62
120 19.65 72.80 42.50 62.91 119.75
121 20.06 43.34 39.75 60.17 114.77
122 19.52 57.72 40.28 57.62 124.52
123 19.89 68.82 46.59 63.91 121.85
124 20.09 47.95 41.50 60.07 119.33
125 19.85 83.92 30.81 46.46 103.78
126 20.20 61.56 46.63 63.39 114.96
127 19.91 35.45 38.96 51.59 116.21
128 20.05 56.15 43.19 65.90 124.58
129 20.55 23.52 32.17 44.27 93.66
130 20.34 27.06 36.13 48.33 109.48
131 20.38 19.97 31.20 42.98 105.21
132 20.72 15.92 25.69 29.79 86.42
133 20.73 30.82 42.86 55.04 107.73
134 20.63 77.39 47.31 64.39 118.98
135 20.78 65.70 46.24 71.37 123.83
136 21.09 12.69 18.87 23.12 73.54
137 20.61 81.58 43.93 51.64 108.03
138 20.89 73.85 47.83 58.79 109.43
139 20.79 34.44 33.08 49.62 102.88
140 21.40 59.25 50.01 71.45 117.22
141 21.45 37.52 44.83 59.28 107.86
142 21.62 55.81 45.52 69.31 117.35
143 21.20 80.89 44.89 57.34 112.78
144 21.74 41.45 44.68 63.68 111.89
145 21.47 49.09 49.47 76.58 130.43
146 21.62 70.44 47.96 66.71 114.08
147 21.76 85.03 36.61 43.81 91.00
148 22.06 52.84 48.24 71.07 114.72
149 21.65 75.05 44.89 71.34 99.83
150 22.26 45.20 49.56 66.79 106.39
151 22.14 27.70 41.37 52.52 97.08
152 22.21 32.49 45.95 57.79 104.56
153 22.16 64.13 53.19 73.97 112.10
154 22.12 19.28 35.02 41.41 91.69
155 22.23 80.37 51.81 65.45 109.66
156 22.60 23.43 39.50 47.46 87.74
157 23.10 78.13 51.23 64.99 95.82
158 22.93 15.49 30.62 33.32 76.53
159 23.01 67.92 55.60 76.25 110.73
160 22.97 72.98 54.95 73.67 110.26
161 23.13 61.36 51.80 71.98 104.73
162 23.21 35.42 46.38 63.59 103.38
163 23.06 49.62 48.63 70.88 107.04
164 23.25 87.59 32.14 43.03 78.43
165 23.40 39.25 50.86 68.39 105.48
166 23.29 83.39 45.58 57.22 93.15
167 23.57 57.58 54.01 71.23 101.60
168 23.68 26.97 47.88 58.03 96.09
169 23.81 19.74 43.85 46.99 87.68
170 23.62 42.67 55.73 65.53 108.80
171 24.10 31.14 48.48 57.38 88.57
172 24.16 13.32 37.12 36.08 72.17
173 24.29 45.98 54.84 73.23 101.18
174 24.36 65.41 63.43 81.02 105.88
175 24.17 75.66 59.44 73.08 99.08
176 24.45 51.15 56.11 74.07 100.62
177 24.61 69.46 59.87 77.82 102.57
178 24.82 54.99 56.28 77.29 104.21
179 24.84 23.00 46.73 51.55 83.73
180 24.62 82.85 49.55 61.01 81.53
181 24.61 42.15 49.09 71.69 97.36
182 24.99 61.91 61.42 77.23 100.75
183 24.94 37.20 56.96 72.77 99.70
184 25.07 17.69 40.64 38.88 71.22
185 24.87 88.29 40.45 47.59 73.61
186 25.22 33.75 60.74 67.24 96.18
187 25.23 72.71 62.70 83.63 104.89
188 25.33 27.33 49.22 60.11 83.80
189 25.74 58.43 65.20 83.63 101.80
190 25.62 48.03 62.46 83.69 104.52
191 26.02 40.21 69.15 75.53 99.92
192 25.87 13.46 40.59 40.23 70.35
193 25.77 77.61 58.81 79.46 90.03
194 26.07 86.06 54.69 59.05 77.58
195 26.03 81.72 64.54 72.56 93.12
196 26.30 43.64 67.55 82.19 95.39
197 26.36 31.20 57.74 69.33 92.58
198 26.37 51.60 61.75 80.44 94.02
199 26.19 65.59 63.29 84.38 98.88
200 26.40 20.16 51.76 55.64 79.80
201 26.63 69.92 64.67 80.25 92.03
202 26.76 24.81 53.49 60.12 81.36
203 26.80 36.33 64.31 73.64 84.64
204 27.01 55.03 63.49 80.68 89.88
205 26.78 73.91 67.13 79.27 91.84
206 27.04 61.71 72.14 85.81 97.45
207 27.12 47.08 78.23 91.02 100.41
208 27.50 28.41 63.21 72.22 83.06
209 27.30 77.74 71.15 82.20 88.20
210 27.32 14.15 47.59 40.38 61.70
211 27.50 82.25 71.99 77.50 86.01
212 27.75 87.33 62.46 61.78 76.07
213 28.11 18.00 56.52 54.98 70.83
214 27.62 21.16 63.96 62.41 84.65
215 28.02 58.87 67.05 89.65 91.32
216 27.69 66.39 72.60 80.57 89.92
217 27.96 32.89 69.64 75.89 88.44
218 27.69 41.16 68.67 73.19 87.24
219 28.14 50.40 74.37 86.23 86.75
220 28.04 22.82 61.02 67.88 72.51
221 28.47 45.02 74.81 91.20 88.67
222 28.45 10.60 41.07 36.67 54.46
223 28.49 37.56 74.45 83.27 85.91
224 28.54 69.84 71.95 84.41 85.55
225 28.59 73.92 72.91 85.48 88.35
226 28.91 14.88 59.65 55.36 68.93
227 28.87 54.69 71.18 85.50 84.77
228 28.86 64.43 73.10 91.16 83.99
229 29.08 25.20 62.69 65.01 73.06
230 28.98 81.34 65.18 85.05 79.15
231 28.66 41.35 70.64 89.93 76.99
232 28.99 85.11 62.46 73.92 77.24
233 29.20 77.39 73.99 91.62 83.18
234 29.21 91.81 45.46 47.48 58.29
235 29.34 29.40 70.84 74.09 80.51
236 29.55 34.03 74.50 82.85 79.67
237 29.53 21.23 66.14 65.47 69.41
238 29.63 88.63 64.92 71.45 78.52
239 29.70 61.24 79.50 104.69 89.17
240 29.98 47.21 78.94 86.51 79.56
241 29.74 58.11 80.12 100.12 90.82
242 29.83 50.89 75.33 91.62 81.11
243 30.16 42.78 81.84 92.15 81.49
244 30.05 11.21 48.63 51.33 53.21
245 29.97 39.09 85.55 87.20 83.07
246 30.10 71.86 78.48 94.35 84.04
247 30.39 67.93 83.24 98.06 84.04
248 30.40 16.71 61.21 53.60 60.82
249 30.41 12.90 53.03 37.55 52.17
250 30.61 79.95 72.60 84.58 73.48
251 30.69 64.11 81.47 98.29 82.42
252 30.73 55.11 83.39 93.13 79.47
253 30.86 75.14 74.54 89.58 75.15
254 30.70 85.12 65.08 77.25 71.16
255 31.07 27.83 70.80 78.78 68.86
256 31.10 31.54 77.35 86.46 76.21
257 31.37 24.33 66.66 74.62 65.50
258 31.17 20.70 66.24 70.78 67.05
259 31.32 35.09 81.95 94.01 78.07
260 31.22 89.09 56.24 63.18 60.46
261 31.39 59.58 85.39 99.49 81.86
262 31.42 8.75 43.93 42.62 51.19
263 31.56 51.97 84.83 97.97 80.44
264 31.66 44.72 84.88 94.33 77.49
265 31.78 71.08 81.08 96.93 79.20
266 31.73 39.46 82.37 97.25 78.12
267 31.43 13.66 58.61 44.25 54.88
268 32.26 48.53 86.86 100.92 74.34
269 31.93 83.02 67.10 88.93 72.19
270 31.84 77.39 83.08 94.06 85.28
271 32.19 65.44 84.55 101.42 80.02
272 31.98 90.35 56.71 71.85 65.03
273 32.19 13.04 63.21 59.03 55.02
274 32.23 17.58 71.07 67.11 59.22
275 32.77 56.35 80.24 97.89 73.66
276 32.94 93.04 48.23 56.26 51.67
277 32.72 61.12 80.04 107.74 78.39
278 32.81 87.51 62.29 76.65 64.97
279 32.90 25.82 72.55 78.89 64.18
280 32.86 31.79 74.37 80.67 62.45
281 33.11 21.66 72.52 71.61 60.22
282 32.62 77.69 71.20 117.80 65.49
283 33.01 36.90 85.36 97.81 73.14
284 33.09 68.41 82.27 109.61 75.75
285 32.89 74.91 79.44 85.28 69.56
286 33.03 80.41 79.29 103.93 73.86
287 32.82 9.49 49.03 40.03 49.17
288 33.29 41.80 88.03 100.52 74.46
289 33.37 45.45 94.56 106.66 77.70
290 33.50 14.61 69.95 65.07 52.72
291 33.42 73.49 76.66 104.86 66.27
292 33.55 84.15 78.37 90.93 71.73
293 34.03 28.11 79.34 88.47 62.02
294 33.43 8.65 55.88 58.70 43.02
295 33.50 18.00 64.85 47.26 48.85
296 34.12 62.94 88.36 111.12 75.62
297 34.38 71.33 84.52 110.86 73.08
298 34.26 78.35 74.57 98.51 67.39
299 34.32 58.31 79.42 100.57 68.42
300 34.38 35.47 96.83 103.59 72.30
301 34.60 90.90 61.14 68.95 55.94
302 34.47 19.45 66.31 76.56 55.58
303 34.67 39.81 91.41 104.37 68.86
304 34.48 10.89 61.11 55.78 46.00
305 34.47 52.84 84.10 106.44 68.85
306 34.69 47.34 86.05 98.73 66.61
307 34.58 66.70 84.27 108.13 69.30
308 34.30 32.05 88.93 81.29 66.31
309 34.56 87.53 76.50 90.22 66.45
310 34.76 94.23 44.81 54.63 43.88
311 34.88 6.30 40.43 33.84 33.37
312 34.74 23.63 73.56 83.39 57.85
313 34.95 82.21 76.07 101.98 66.86
314 34.95 15.64 72.43 72.81 52.88
315 35.19 75.22 85.25 115.16 73.37
316 35.25 43.57 89.54 78.45 61.39
317 35.27 31.51 77.32 100.37 56.51
318 35.71 27.80 80.76 99.19 62.52
319 35.88 54.29 84.00 112.06 69.43
320 35.78 85.89 76.81 101.05 68.71
321 35.81 36.59 94.46 110.84 69.99
322 35.87 49.88 86.80 115.21 68.34
323 35.97 61.45 83.99 112.12 69.31
324 36.01 8.80 55.95 57.71 41.09
325 35.53 24.73 75.82 68.45 52.61
326 36.05 57.73 84.43 124.14 71.01
327 35.94 69.38 86.18 120.33 71.28
328 36.13 12.77 69.57 69.10 48.49
329 36.12 21.12 73.83 87.09 57.28
330 35.93 42.08 90.02 124.46 62.47
331 36.15 79.29 74.08 114.35 68.07
332 36.27 65.55 87.25 123.27 72.28
333 36.38 17.47 73.11 77.45 52.19
334 36.38 89.26 67.55 86.56 59.90
335 36.60 73.10 80.13 117.11 68.55
336 36.64 46.25 93.88 115.04 68.60
337 36.93 34.14 87.04 98.48 60.13
338 36.92 39.74 96.24 107.05 65.00
339 37.01 92.40 59.65 81.56 53.13
340 37.04 24.75 77.36 86.68 53.51
341 37.25 6.01 42.82 40.28 32.65
342 36.93 29.50 83.35 96.44 60.41
343 37.02 83.68 76.64 102.77 61.23
344 37.37 76.49 74.68 111.95 60.97
345 37.33 50.72 84.91 110.36 63.60
346 37.64 43.03 101.37 113.60 61.94
347 37.74 55.50 86.46 111.27 65.03
348 37.82 10.17 61.88 62.89 42.98
349 37.64 62.85 96.85 132.71 69.71
350 37.58 70.04 84.13 121.13 66.31
351 37.73 13.68 74.00 77.49 48.08
352 37.76 59.76 86.87 124.64 63.10
353 37.80 86.93 75.73 91.48 58.22
354 37.76 80.14 74.13 106.57 58.75
355 38.16 21.93 77.47 93.52 51.97
356 38.33 66.26 86.87 120.47 61.88
357 38.33 38.02 90.65 111.52 63.65
358 38.15 18.30 72.07 83.44 49.11
359 38.18 31.40 93.31 116.17 64.35
360 38.22 90.96 68.36 86.95 54.70
361 38.39 46.57 92.46 113.45 59.40
362 38.22 58.33 83.68 126.34 67.89
363 38.60 94.83 35.64 56.47 37.51
364 38.64 27.06 80.82 91.15 50.86
365 38.87 73.71 80.14 122.01 61.59
366 38.76 83.94 71.77 106.98 57.83
367 38.74 52.19 86.70 114.80 58.99
368 39.09 7.69 57.22 63.31 38.29
369 38.99 34.74 86.59 106.11 55.64
370 38.51 80.94 60.02 98.81 52.00
371 39.26 77.25 78.71 118.41 59.33
372 39.14 15.37 77.04 94.06 48.09
373 39.16 70.04 89.66 138.86 65.49
374 39.34 41.39 90.13 116.41 59.72
375 39.02 43.18 94.29 113.16 57.22
376 39.29 63.83 82.24 115.03 57.59
377 39.56 88.32 65.26 96.07 51.36
378 39.67 58.80 84.56 119.77 60.47
379 39.27 48.87 91.08 98.65 54.38
380 39.72 62.44 89.23 122.50 61.91
381 40.04 12.67 65.36 75.07 42.08
382 39.67 23.18 80.37 92.95 50.11
383 39.77 30.59 82.44 101.56 52.12
384 40.03 55.12 94.45 122.70 62.23
385 40.14 80.00 73.37 116.18 57.08
386 39.85 18.70 71.96 80.53 43.72
387 39.95 47.18 88.56 127.09 58.05
388 40.13 38.88 86.86 117.93 57.54
389 40.00 92.18 57.75 94.24 47.99
390 40.27 67.58 88.33 137.72 64.30
391 40.19 84.38 72.64 116.04 57.94
392 40.38 50.75 88.96 127.39 57.02
393 40.04 4.13 43.86 53.02 30.71
394 40.54 44.10 88.51 115.64 55.36
395 40.59 27.08 75.10 100.35 50.01
396 40.56 95.61 39.62 55.50 30.59
397 40.73 9.52 66.49 76.38 39.31
398 40.58 35.06 92.37 119.61 58.42
399 40.63 73.48 78.75 119.74 54.80
400 41.16 5.91 53.29 58.46 31.14
401 40.86 62.06 92.65 131.83 68.73
402 40.74 17.52 68.41 88.22 42.21
403 41.02 20.63 81.69 102.32 49.43
404 41.24 31.20 84.81 122.06 54.63
405 41.52 87.08 72.24 110.01 51.93
406 41.39 91.18 60.84 89.12 46.32
407 41.55 52.82 92.46 130.03 58.14
408 41.72 65.78 91.20 149.70 63.42
409 41.73 24.85 75.47 102.80 47.04
410 41.74 41.30 89.07 129.35 56.86
411 41.90 59.55 94.09 138.19 61.72
412 41.58 83.29 72.14 121.44 55.05
413 41.66 14.80 77.13 90.18 44.00
414 41.72 48.66 88.64 118.79 53.82
415 41.89 56.32 88.35 127.67 57.97
416 41.88 76.35 82.86 123.95 54.66
417 41.97 37.84 87.89 113.93 53.57
418 42.06 79.96 74.99 121.55 56.20
419 41.60 63.02 80.09 138.44 54.91
420 41.87 69.09 87.08 151.97 60.37
421 41.77 21.48 65.70 92.86 45.81
422 42.14 45.32 83.61 127.10 53.52
423 42.20 33.96 101.25 129.26 55.04
424 42.31 10.79 71.78 86.46 38.45
425 42.35 72.18 92.79 142.36 59.00
426 42.36 17.98 85.35 99.71 44.36
427 42.64 29.70 76.35 105.81 47.61
428 42.87 89.29 67.19 103.33 44.38
429 42.77 6.78 59.36 74.16 36.21
430 42.90 62.86 88.91 139.72 58.96
431 43.20 93.06 52.32 88.27 38.56
432 43.27 20.29 77.63 107.36 45.17
433 43.25 53.29 84.71 123.18 55.60
434 43.06 83.80 71.17 117.40 51.93
435 43.19 24.28 74.99 112.84 45.55
436 43.28 43.17 89.65 135.32 54.45
437 43.19 16.64 66.13 84.99 36.10
438 43.47 68.07 82.27 128.28 54.67
439 43.68 97.13 22.68 41.89 20.80
440 43.49 35.04 94.64 127.98 53.61
441 43.56 48.15 89.90 126.18 53.49
442 43.59 13.08 70.82 85.05 38.89
443 43.68 39.71 92.29 124.24 51.55
444 43.70 73.23 77.82 134.60 55.15
445 43.62 57.87 89.35 141.06 58.05
446 43.92 77.01 74.90 127.32 53.59
447 44.27 80.16 69.37 118.01 46.77
448 44.24 8.82 67.28 84.49 35.94
449 44.13 27.70 83.68 123.89 48.51
450 44.27 86.86 72.42 130.32 50.98
451 44.46 31.60 87.98 117.30 47.99
452 44.23 63.38 85.26 146.20 58.12
453 44.46 51.55 88.92 147.31 57.68
454 44.72 5.41 51.17 68.05 29.74
455 44.63 90.01 67.58 119.81 52.47
456 44.64 44.78 86.77 127.02 50.17
457 44.72 83.18 70.64 127.35 46.84
458 44.75 18.91 72.95 107.16 40.82
459 44.97 14.83 69.22 92.09 37.89
460 44.79 23.61 78.62 103.10 40.97
461 44.71 36.82 94.68 130.48 49.89
462 44.89 93.35 53.64 96.73 37.39
463 44.78 60.26 81.32 144.93 54.75
464 45.28 70.23 77.41 143.45 53.41
465 45.25 66.62 85.35 148.50 56.34
466 45.22 58.52 79.36 131.30 53.63
467 45.36 74.09 76.27 141.82 52.79
468 45.12 40.85 92.32 128.01 47.01
469 45.49 54.25 84.77 141.14 51.52
470 45.71 49.55 83.20 131.45 51.41
471 45.39 97.40 19.75 36.66 16.98
472 45.70 10.73 61.93 88.28 35.76
473 45.76 26.94 82.18 121.88 42.87
474 46.15 77.38 68.26 127.53 48.10
475 45.94 34.83 84.13 126.52 47.92
476 45.96 62.74 82.94 145.89 55.48
477 45.96 84.97 72.23 130.54 48.03
478 45.79 39.50 81.44 140.46 46.58
479 46.00 21.58 67.81 97.35 40.04
480 46.18 30.50 76.00 119.02 43.17
481 46.10 43.29 91.74 157.29 53.78
482 46.48 80.94 71.93 129.48 46.76
483 46.25 91.54 61.97 113.20 41.58
484 46.61 88.27 67.32 114.84 42.66
485 46.34 5.29 48.51 63.74 27.21
486 46.73 17.09 70.86 106.67 37.29
487 46.53 46.42 88.93 147.06 49.25
488 46.54 56.44 86.90 144.57 50.70
489 46.45 19.57 74.96 128.56 40.40
490 46.59 72.18 79.80 148.10 51.49
491 47.05 13.35 70.78 98.53 36.03
492 46.84 39.38 86.10 127.89 47.33
493 46.79 59.80 88.92 145.66 51.50
494 47.21 25.58 72.44 111.42 41.00
495 46.97 67.31 79.91 142.94 50.73
496 47.00 97.86 13.74 32.94 13.94
497 47.15 9.11 57.82 79.96 32.11
498 47.16 94.93 39.09 71.35 29.34
499 47.55 52.88 73.62 129.40 46.38
500 47.59 32.22 83.98 144.08 45.96
501 47.08 35.63 89.37 152.39 43.98
502 47.65 48.45 78.75 140.08 47.68
503 47.62 84.38 68.47 130.48 46.53
504 47.40 37.92 78.44 148.04 44.87
505 47.62 63.06 85.36 152.34 51.32
506 47.80 43.72 78.52 131.27 46.69
507 47.36 71.66 74.86 161.92 53.37
508 47.83 74.88 75.95 137.91 46.74
509 47.83 21.35 74.08 110.19 37.98
510 47.85 91.64 62.87 118.27 37.71
511 48.21 4.93 45.51 67.39 23.54
512 47.94 35.52 78.49 132.22 44.47
513 48.16 79.74 64.78 126.22 43.43
514 48.41 29.10 75.02 122.06 41.99
515 48.24 57.09 84.67 139.48 48.95
516 48.41 69.71 82.03 156.48 51.20
517 48.51 88.27 66.57 124.30 41.86
518 48.48 39.92 83.84 140.79 46.71
519 48.72 13.83 62.10 101.17 36.51
520 48.54 97.30 17.67 38.95 15.80
521 48.69 8.75 56.43 87.68 30.41
522 48.86 50.29 83.51 154.97 48.13
523 49.13 66.58 83.34 153.52 48.95
524 49.00 25.94 70.62 108.07 38.24
525 48.85 62.79 92.38 147.86 48.61
526 49.15 84.26 69.00 134.48 44.44
527 49.29 33.67 74.12 135.47 40.97
528 49.71 47.04 71.58 130.81 45.15
529 49.49 77.02 62.00 138.02 42.28
530 49.32 92.46 54.34 101.99 35.20
531 49.58 72.87 72.87 142.83 45.48
532 48.91 57.50 83.33 169.19 47.53
533 49.70 37.18 80.86 147.68 45.04
534 49.98 52.40 80.15 148.64 46.31
535 49.71 22.26 73.59 124.95 40.08
536 49.55 43.57 83.41 162.20 47.97
537 49.89 59.75 80.26 145.49 43.16
538 49.93 11.19 61.46 102.96 31.59
539 49.91 55.84 81.77 147.88 45.24
540 49.84 96.28 27.29 64.74 21.11
541 49.95 4.65 37.79 57.45 20.58
542 50.19 80.98 67.48 142.38 40.89
543 50.05 29.92 72.14 130.67 39.85
544 50.18 40.55 83.54 150.89 45.60
545 49.67 63.38 91.74 173.65 44.37
546 50.36 88.52 61.27 126.47 40.66
547 50.33 18.83 62.61 122.41 36.41
548 50.48 68.68 74.90 154.72 46.93
549 50.78 8.04 53.10 91.24 26.60
550 50.84 14.70 59.08 101.78 31.85
551 50.80 84.65 65.32 141.28 42.22
552 50.66 98.07 12.68 29.76 10.73
553 50.84 26.84 73.29 122.79 35.08
554 50.84 63.92 86.46 152.45 46.44
555 50.88 94.20 48.21 105.82 28.97
556 51.03 34.65 76.04 140.22 41.79
557 51.24 50.26 80.74 157.18 45.23
558 51.03 24.89 64.61 120.13 37.73
559 51.31 91.59 56.29 138.82 36.18
560 51.36 75.64 70.80 152.86 44.27
561 51.30 43.95 76.85 149.55 44.65
562 51.47 71.54 72.62 160.22 45.66
563 51.62 22.56 68.69 123.86 36.64
564 51.33 38.78 69.15 127.16 39.45
565 51.72 79.56 67.44 144.86 42.05
566 51.57 30.96 66.89 131.52 37.89
567 51.76 54.24 81.57 158.02 44.10
568 51.80 60.93 87.47 157.92 44.22
569 52.06 57.74 80.05 149.07 44.15
570 51.81 11.21 55.74 101.68 29.61
571 52.07 47.59 76.76 160.06 44.89
572 51.84 18.00 56.16 112.42 32.87
573 51.79 97.84 14.84 38.08 12.67
574 52.16 67.54 79.98 155.73 44.34
575 52.15 85.76 73.74 144.51 39.29
576 52.59 7.22 45.33 83.67 24.01
577 52.12 38.03 80.83 159.48 42.78
578 52.44 94.97 32.42 82.17 23.34
579 52.70 89.79 56.73 124.80 35.63
580 52.62 27.01 68.91 129.05 35.45
581 52.75 41.23 77.15 150.72 40.64
582 52.79 34.88 73.98 145.40 39.77
583 52.75 64.09 84.21 165.69 42.63
584 52.97 81.89 63.82 138.96 37.33
585 52.98 72.35 72.86 147.73 41.49
586 52.70 44.30 80.42 178.08 45.98
587 53.06 13.88 57.66 113.25 32.54
588 53.14 51.20 72.95 144.04 41.17
589 53.14 31.12 67.82 136.10 37.33
590 53.18 77.26 65.11 144.99 40.90
591 53.39 21.47 67.31 137.22 36.42
592 53.26 17.94 61.45 132.74 33.20
593 53.39 10.75 50.52 97.60 28.35
594 53.32 45.50 65.23 148.10 38.62
595 53.49 98.00 11.32 36.32 10.58
596 53.72 55.76 79.80 153.83 41.50
597 53.64 60.80 80.51 155.89 41.14
598 53.63 85.90 64.87 137.80 37.93
599 53.97 37.88 68.05 138.74 37.56
600 53.96 92.28 47.01 117.10 30.06
601 54.01 24.71 64.77 140.91 32.93
602 54.07 69.18 74.31 164.40 43.24
603 54.08 95.85 29.76 76.74 22.25
604 54.10 65.84 93.07 175.47 42.93
605 54.00 14.88 58.85 114.37 30.36
606 54.44 75.69 65.17 148.72 41.46
607 54.31 41.59 78.03 159.76 40.97
608 54.05 46.68 78.52 169.89 39.72
609 54.57 29.00 64.23 127.46 34.18
610 54.65 8.04 42.77 97.57 24.43
611 54.55 49.75 81.38 164.80 42.29
612 54.60 88.84 62.80 148.52 34.66
613 54.67 34.07 67.49 135.14 36.44
614 54.56 81.40 56.95 135.58 37.51
615 54.80 17.83 58.91 119.35 32.27
616 54.75 45.69 74.26 166.24 41.14
617 55.05 58.96 76.46 163.24 41.53
618 54.89 63.29 87.30 183.51 42.20
619 54.82 43.29 62.19 142.87 38.70
620 55.15 53.60 82.56 172.03 42.74
621 55.20 72.66 62.67 157.53 41.76
622 55.15 4.29 24.90 64.13 18.02
623 54.91 12.48 49.21 92.56 27.91
624 55.37 85.65 57.88 138.18 34.76
625 55.30 93.62 42.14 112.16 25.16
626 55.44 97.76 12.43 35.13 10.25
627 55.62 21.29 56.53 125.53 33.89
628 55.59 10.55 46.15 107.30 26.53
629 55.72 25.13 63.59 131.05 32.13
630 55.32 39.05 69.55 138.96 36.83
631 55.89 79.14 60.85 146.21 37.12
632 55.79 69.26 70.93 168.12 41.37
633 55.98 31.30 61.84 140.94 34.29
634 55.95 89.93 56.69 129.20 30.03
635 55.89 41.14 71.23 153.00 38.20
636 56.18 16.82 55.91 117.09 29.52
637 56.41 66.49 68.87 160.70 40.32
638 56.22 36.17 66.87 143.98 38.11
639 56.05 46.03 70.86 154.53 39.97
640 56.35 55.90 78.74 173.28 39.09
641 56.32 50.73 75.29 166.76 41.71
642 56.55 75.73 67.97 156.58 37.68
643 56.38 62.86 75.09 169.41 41.91
644 56.32 13.16 53.46 110.32 28.26
645 56.50 83.18 59.63 148.28 35.97
646 56.42 95.99 25.30 71.52 17.32
647 56.74 27.82 67.43 148.13 32.66
648 56.54 7.46 35.92 89.80 22.58
649 56.79 59.29 78.18 175.78 38.83
650 57.14 92.26 39.19 117.00 26.02
651 57.35 43.03 74.26 157.90 39.14
652 57.23 39.24 76.26 165.33 38.79
653 57.16 71.79 71.32 159.84 39.37
654 57.25 87.60 52.80 127.89 32.20
655 57.30 21.58 61.49 140.66 33.70
656 57.46 33.90 68.67 150.72 34.01
657 57.11 12.50 49.27 133.40 28.25
658 57.37 47.99 77.44 168.86 40.47
659 57.66 97.84 11.73 36.73 9.89
660 57.90 25.09 59.49 129.87 32.15
661 57.80 53.03 74.70 159.90 39.48
662 57.73 15.88 50.58 118.04 27.89
663 57.90 10.54 41.31 108.51 25.68
664 57.86 82.08 57.80 151.14 36.16
665 58.05 78.50 63.42 156.73 37.14
666 58.04 30.68 65.10 148.00 34.61
667 58.15 94.86 32.27 102.54 20.63
668 58.59 56.63 70.96 165.09 40.04
669 58.06 65.39 74.83 166.65 39.89
670 58.13 60.88 72.89 174.06 39.22
671 58.38 6.90 30.66 88.72 19.43
672 58.51 19.46 53.52 125.29 30.92
673 58.54 74.98 68.33 162.04 36.58
674 58.56 70.15 71.24 167.79 39.59
675 58.67 45.21 72.02 162.74 38.77
676 58.17 48.97 73.67 153.94 38.29
677 58.40 85.37 49.85 128.59 34.27
678 58.75 36.84 61.80 146.16 34.72
679 58.83 91.00 42.00 114.71 25.77
680 58.80 87.26 46.93 136.41 29.11
681 59.20 40.82 67.40 157.75 37.24
682 59.10 13.21 45.34 132.61 26.93
683 59.41 26.74 56.80 135.23 31.58
684 59.12 98.29 6.36 23.82 7.48
685 59.53 52.78 77.28 169.24 39.26
686 59.60 5.04 23.34 64.53 15.22
687 59.51 95.41 21.02 68.31 15.65
688 59.31 81.88 54.88 128.30 33.28
689 59.42 15.09 45.42 104.01 27.08
690 59.66 48.81 73.84 173.45 40.31
691 59.64 10.75 41.69 106.26 24.65
692 59.71 22.64 54.20 129.67 29.09
693 59.58 29.99 60.92 163.32 33.11
694 59.84 33.62 60.67 151.81 34.23
695 59.61 60.08 70.22 176.30 37.62
696 59.62 64.79 70.93 162.02 36.19
697 59.96 17.62 50.66 129.14 29.00
698 60.01 68.88 70.37 174.64 37.37
699 60.06 73.58 66.30 171.22 35.65
700 60.09 78.09 56.95 128.89 33.10
701 60.17 86.56 49.31 134.05 28.76
702 60.25 90.91 42.06 128.28 26.01
703 60.36 44.51 68.65 169.91 37.45
704 60.59 8.47 34.72 104.62 20.38
705 60.85 36.78 64.22 151.74 35.08
706 60.74 56.03 67.12 164.19 37.13
707 60.89 40.62 64.58 166.58 36.17
708 60.84 82.55 57.14 145.26 31.66
709 61.24 14.99 47.49 125.85 27.91
710 61.19 24.85 52.30 128.34 31.06
711 61.05 60.86 71.87 171.70 37.58
712 60.82 76.56 54.35 143.73 35.06
713 61.17 19.86 48.76 124.56 28.14
714 61.20 30.66 55.77 130.72 30.56
715 61.28 51.00 67.97 166.35 37.08
716 61.25 65.46 69.40 174.90 37.89
717 61.37 71.04 67.34 169.35 37.26
718 61.60 92.84 29.63 108.32 19.24
719 61.59 47.68 70.79 172.67 36.43
720 61.49 88.54 40.55 126.44 25.52
721 61.83 6.50 25.98 80.67 15.90
722 61.79 11.53 39.72 110.73 23.51
723 61.93 79.17 57.29 157.88 32.42
724 62.21 75.21 63.99 158.38 34.27
725 62.10 44.48 68.49 173.50 36.90
726 62.19 54.03 68.66 184.18 36.98
727 62.34 35.01 64.22 166.54 34.09
728 62.12 84.49 51.00 152.97 29.04
729 62.46 27.64 55.04 139.27 28.84
730 62.27 60.21 74.18 176.90 36.25
731 62.78 68.84 64.11 168.51 36.51
732 62.40 82.38 49.39 129.97 29.75
733 62.52 39.61 64.37 165.57 35.63
734 62.66 58.61 64.54 151.54 34.49
735 62.61 19.64 46.69 135.02 26.41
736 62.75 64.50 64.14 173.69 34.21
737 62.84 87.97 41.63 134.41 25.86
738 63.05 23.02 51.80 148.28 31.99
739 63.01 31.38 59.31 148.02 30.39
740 63.07 15.96 44.44 126.52 25.85
741 63.04 8.85 28.67 102.37 19.63
742 63.24 4.95 17.74 59.80 12.84
743 63.25 50.96 69.98 166.36 36.55
744 63.49 12.41 35.16 111.57 22.97
745 63.35 92.34 28.35 115.42 19.18
746 63.44 43.28 63.29 180.78 35.38
747 63.59 72.56 62.30 169.41 34.51
748 63.40 55.79 68.09 182.14 37.09
749 63.55 79.84 58.02 154.05 30.88
750 63.98 47.40 62.68 159.59 35.65
751 63.70 36.52 64.46 177.68 35.09
752 63.73 84.81 45.43 136.55 26.97
753 64.01 26.09 47.04 139.07 28.13
754 63.93 62.74 63.83 182.68 35.87
755 64.43 76.75 53.45 146.47 29.81
756 64.32 30.87 55.27 145.58 29.71
757 64.04 66.53 66.21 183.71 34.21
758 64.55 59.05 61.41 163.88 34.70
759 64.37 89.34 36.00 124.51 22.98
760 64.22 40.47 63.45 166.71 30.88
761 64.46 19.12 48.25 129.47 27.00
762 64.14 50.93 57.95 157.14 37.08
763 64.56 94.65 19.24 76.73 14.31
764 64.60 8.50 28.47 94.98 17.59
765 65.09 35.72 57.32 147.80 31.46
766 64.92 15.61 41.58 127.83 24.21
767 64.93 82.20 50.98 152.19 28.72
768 65.11 5.08 14.95 49.33 11.12
769 64.87 54.83 67.60 175.04 35.23
770 65.04 69.48 60.48 170.80 33.07
771 65.13 22.11 44.83 131.93 27.14
772 64.87 39.28 56.57 169.33 31.83
773 65.17 43.29 60.35 166.46 35.26
774 64.75 62.18 63.27 172.02 34.04
775 65.33 12.50 34.89 114.81 22.07
776 64.89 45.01 57.17 171.44 32.27
777 64.88 66.28 57.16 175.15 32.83
778 65.37 73.76 61.09 160.91 31.60
779 65.43 86.17 41.00 144.23 25.48
780 65.61 50.92 67.80 166.20 32.18
781 65.50 27.29 48.60 142.88 28.26
782 65.86 91.11 30.74 115.43 19.69
783 65.96 47.06 65.64 179.25 34.32
784 65.90 31.05 51.41 149.58 29.79
785 65.96 63.06 60.79 169.40 33.06
786 66.19 80.28 46.83 138.81 28.16
787 65.97 95.03 14.51 57.29 11.81
788 66.08 9.24 32.61 119.50 18.99
789 65.81 39.95 64.74 156.38 33.15
790 66.66 59.63 66.79 170.92 35.22
791 66.39 23.69 45.36 140.40 26.39
792 66.19 54.05 59.60 166.02 30.12
793 66.65 66.36 60.88 169.24 32.04
794 66.54 16.89 41.31 115.31 23.80
795 66.41 56.17 61.87 169.10 33.06
796 66.66 34.06 55.44 162.96 30.15
797 66.57 70.25 62.53 171.12 33.22
798 66.56 41.36 60.91 157.88 31.68
799 67.25 77.33 51.89 151.06 28.76
800 66.78 87.80 37.58 145.98 23.50
801 67.03 6.33 15.42 57.58 11.93
802 67.12 37.89 58.88 167.15 31.78
803 67.30 44.88 63.85 167.88 31.98
804 66.98 73.68 57.65 158.14 30.39
805 67.31 92.98 20.17 89.45 14.16
806 67.32 11.49 29.96 109.89 18.93
807 67.60 20.21 44.21 123.73 24.96
808 67.24 49.56 59.55 172.82 31.59
809 67.55 28.03 47.91 133.37 27.35
810 67.50 83.42 39.82 121.60 26.38
811 67.77 53.20 60.50 170.23 33.45
812 67.39 24.92 46.31 144.78 24.43
813 67.81 64.12 53.58 142.68 32.05
814 68.21 31.62 48.03 143.63 27.73
815 68.23 56.62 63.04 177.14 31.79
816 68.02 14.83 35.23 127.54 22.42
817 68.17 88.83 33.78 124.09 20.69
818 68.18 24.11 42.09 140.70 27.12
819 68.19 41.18 62.19 167.89 32.15
820 67.87 70.60 57.57 164.05 28.84
821 68.35 35.87 57.00 159.88 31.14
822 68.52 8.72 25.43 90.65 15.79
823 68.61 60.16 65.17 178.66 33.08
824 68.40 79.50 43.60 129.81 26.58
825 68.43 66.68 57.51 168.16 31.92
826 68.48 69.34 52.91 178.48 28.98
827 68.72 48.64 57.82 157.83 29.72
828 68.84 94.57 12.28 58.19 9.68
829 69.28 72.77 48.55 151.08 27.94
830 68.62 5.57 9.88 40.43 10.69
831 69.09 83.69 43.10 142.90 24.35
832 69.17 44.04 53.65 169.05 29.57
833 69.35 63.40 60.34 164.48 32.20
834 69.35 91.00 27.42 112.62 16.72
835 69.31 16.12 40.08 130.64 24.36
836 69.35 21.59 43.12 131.00 24.41
837 69.13 80.15 43.50 156.19 27.01
838 69.27 18.15 37.94 109.22 23.93
839 69.61 11.88 29.37 103.87 18.18
840 69.57 26.39 42.94 131.78 25.07
841 69.77 76.26 45.62 153.94 26.78
842 69.64 39.24 54.24 157.52 30.43
843 69.65 87.00 36.26 132.58 21.85
844 69.78 53.67 61.93 167.08 30.16
845 70.02 34.83 48.64 148.68 29.23
846 69.60 67.95 53.02 160.32 30.09
847 69.75 30.77 46.96 158.65 26.63
848 70.09 57.60 61.23 167.96 30.64
849 70.29 7.82 17.21 69.89 13.07
850 70.30 50.43 62.07 178.05 31.45
851 70.33 46.63 55.56 179.08 29.82
852 70.62 78.92 39.86 129.72 24.09
853 70.54 81.06 42.13 160.07 24.12
854 70.62 92.29 20.66 100.40 12.60
855 70.66 14.84 35.82 126.16 21.85
856 70.39 69.15 56.02 161.14 29.60
857 70.79 65.06 58.22 181.40 29.63
858 70.71 23.04 39.57 122.99 24.11
859 70.88 43.01 55.00 170.16 29.42
860 71.01 18.68 35.23 121.88 23.08
861 71.12 83.49 38.80 133.13 22.04
862 70.69 28.98 46.95 136.39 26.98
863 71.33 61.50 56.52 156.86 30.16
864 71.23 87.83 32.27 120.27 17.90
865 71.25 39.35 55.35 168.72 29.99
866 71.33 74.64 51.08 162.41 25.69
867 71.62 71.04 55.70 161.62 28.93
868 71.98 27.94 38.39 118.96 25.28
869 71.58 31.92 46.18 151.12 25.96
870 71.71 10.86 24.74 95.79 15.47
871 71.80 53.35 58.56 162.97 28.63
872 71.41 23.66 34.67 129.36 25.35
873 71.74 48.82 54.22 167.89 29.29
874 71.71 57.48 59.74 174.01 29.56
875 71.94 35.55 44.94 142.39 27.58
876 71.99 67.79 52.55 166.87 28.03
877 72.28 78.71 43.54 136.34 23.31
878 72.21 91.03 19.59 93.41 12.83
879 72.32 14.95 34.66 114.52 19.57
880 72.42 21.96 36.71 131.88 23.00
881 72.45 44.48 49.35 157.96 29.07
882 72.77 85.78 35.19 121.79 19.04
883 72.79 39.29 47.39 167.22 27.16
884 73.04 65.56 60.28 167.94 28.09
885 72.72 18.69 38.34 101.09 21.57
886 72.69 93.69 9.71 46.49 8.46
887 73.25 25.86 37.84 130.90 23.33
888 72.71 75.42 55.20 147.48 24.88
889 73.28 81.86 38.59 133.96 22.27
890 72.75 59.02 58.73 182.53 30.05
891 72.82 72.80 53.81 150.02 27.12
892 73.42 62.36 56.88 168.15 27.26
893 73.21 50.01 52.20 166.93 29.42
894 73.40 54.20 54.40 151.63 27.76
895 73.13 56.27 60.24 184.49 28.29
896 73.53 11.45 23.99 96.66 15.21
897 73.51 31.27 45.74 146.95 25.12
898 73.28 33.33 40.72 134.33 25.49
899 73.29 74.65 49.18 171.59 26.90
900 73.60 89.88 22.77 101.00 12.48
901 73.62 59.32 52.41 150.26 27.82
902 73.57 17.91 32.97 154.09 21.25
903 73.86 36.16 46.56 146.20 26.25
904 74.00 69.02 54.09 146.13 27.10
905 73.94 41.97 54.45 174.20 28.91
906 74.00 46.03 50.12 173.65 28.06
907 74.30 14.60 30.75 110.87 18.32
908 74.20 21.54 36.51 131.51 23.45
909 74.27 73.21 47.98 159.97 25.87
910 74.55 77.44 40.68 135.92 23.44
911 74.79 28.64 37.02 133.84 24.57
912 74.72 87.47 25.59 107.13 14.59
913 74.75 51.18 49.65 161.18 27.51
914 75.00 40.74 52.37 162.90 25.44
915 74.80 55.87 51.98 160.80 27.43
916 74.87 64.06 56.54 161.24 26.54
917 75.06 84.29 29.60 129.17 19.13
918 75.07 91.50 12.57 64.64 8.38
919 74.74 24.55 40.56 124.28 23.53
920 75.29 81.24 37.56 144.10 22.05
921 75.29 17.58 30.83 110.58 19.80
922 75.12 32.49 43.07 151.34 25.24
923 75.36 59.71 54.23 163.59 28.35
924 75.38 37.36 48.35 167.07 26.65
925 75.41 46.81 51.35 165.52 27.53
926 75.51 25.42 38.37 142.40 22.90
927 75.76 69.67 48.10 162.33 24.88
928 75.81 73.70 47.40 155.30 23.25
929 76.06 21.28 35.58 125.76 20.89
930 76.23 66.10 55.08 165.62 26.37
931 76.33 42.74 51.93 154.86 27.04
932 76.51 52.26 51.18 164.34 27.72
933 76.19 57.02 49.41 162.02 27.85
934 76.57 79.09 36.29 139.88 20.17
935 76.48 33.78 45.53 152.17 24.83
936 76.60 61.83 46.44 163.13 26.16
937 76.74 89.94 15.83 72.45 10.20
938 76.64 86.08 24.09 104.04 15.11
939 76.55 28.98 40.38 129.16 24.15
940 76.62 48.47 51.62 176.22 27.99
941 76.73 55.85 51.66 171.88 28.15
942 77.00 24.73 35.49 125.51 22.65
943 77.00 37.86 45.77 156.28 25.31
944 77.16 15.98 28.35 103.71 16.96
945 77.28 75.76 40.30 145.07 21.92
946 77.51 10.91 13.57 62.39 10.72
947 77.67 82.20 29.67 115.86 18.34
948 77.35 71.14 46.67 155.40 24.36
949 77.62 45.20 48.47 163.06 27.10
950 77.60 19.18 34.57 119.54 19.87
951 77.92 67.36 45.98 147.05 24.66
952 78.02 30.76 39.47 139.09 22.62
953 78.06 58.98 43.56 164.00 25.56
954 78.04 40.72 45.52 149.76 25.82
955 78.05 63.36 45.43 163.88 24.63
956 78.10 55.11 45.43 161.38 26.74
957 77.96 34.81 43.31 157.47 24.86
958 78.19 49.17 45.44 156.43 26.73
959 78.35 26.87 39.11 130.79 21.61
960 78.14 87.24 17.87 91.32 10.82
961 78.61 21.92 30.95 112.66 19.39
962 78.71 73.02 46.65 154.19 21.97
963 78.73 77.80 36.15 134.71 19.51
964 78.61 13.81 16.97 64.18 13.18
965 78.70 33.49 40.51 121.59 23.34
966 79.16 52.07 46.96 165.28 25.98
967 79.19 36.87 41.94 149.45 25.65
968 79.19 44.52 47.81 155.22 26.62
969 79.36 84.76 22.06 97.28 12.55
970 79.46 17.08 25.02 92.35 16.54
971 79.27 60.91 40.28 160.75 25.21
972 79.33 12.60 14.94 79.61 11.08
973 79.74 81.12 29.33 118.97 16.17
974 79.80 67.62 42.21 153.22 23.09
975 79.57 88.60 12.75 60.71 7.84
976 79.68 64.38 43.48 169.58 22.77
977 79.89 40.13 48.02 157.96 25.16
978 79.99 71.06 42.79 157.33 22.98
979 79.79 26.12 35.92 130.06 21.83
980 79.87 30.96 35.94 119.77 20.68
981 79.81 56.16 41.57 151.28 24.48
982 80.31 48.48 44.22 146.49 25.47
983 80.15 75.53 39.24 141.21 20.90
984 80.11 21.49 31.05 118.02 19.26
985 80.06 60.13 41.24 156.51 24.83
986 80.80 33.82 35.60 132.30 22.39
987 80.64 13.21 16.10 65.31 10.33
988 80.63 43.62 46.69 164.99 25.55
989 80.88 52.90 43.12 155.72 24.84
990 80.74 79.48 29.94 143.20 18.02
991 81.23 18.20 24.49 92.10 16.20
992 81.49 37.50 36.30 134.59 22.89
993 81.14 62.93 41.77 154.40 23.72
994 81.30 83.54 19.97 98.69 12.73
995 81.21 27.83 34.56 129.79 20.33
996 81.22 58.23 45.33 152.06 24.54
997 81.33 23.96 34.03 124.53 20.01
998 81.21 77.85 27.22 121.20 19.32
999 81.54 69.74 40.23 142.72 22.62
1000 81.98 41.00 40.96 145.06 25.49
1001 81.78 74.84 34.26 136.60 21.14
1002 81.85 45.80 41.84 158.05 24.25
1003 81.49 80.10 29.23 115.83 16.27
1004 82.14 65.61 40.99 146.57 22.25
1005 82.06 51.26 44.46 167.19 24.28
1006 82.29 29.93 34.24 130.82 22.02
1007 82.31 15.18 18.55 85.36 11.46
1008 82.50 56.12 41.94 164.25 24.14
1009 82.56 21.48 29.94 112.86 18.32
1010 82.54 34.59 36.23 144.86 19.78
1011 82.60 60.83 38.84 157.00 22.56
1012 82.75 84.89 14.31 86.49 9.85
1013 82.97 48.57 40.91 155.92 24.32
1014 82.83 80.46 24.94 113.32 14.52
1015 83.11 25.58 29.60 108.94 18.68
1016 83.08 72.34 31.81 139.52 20.57
1017 83.34 18.61 25.41 100.00 15.50
1018 83.10 53.45 42.70 189.03 22.31
1019 83.45 77.26 29.08 123.69 17.55
1020 83.38 44.12 39.26 147.92 24.50
1021 83.16 67.88 36.18 144.59 22.38
1022 83.69 31.76 33.92 124.70 21.51
1023 83.76 36.69 36.66 139.62 23.48
1024 83.92 40.33 41.43 146.16 22.89
1025 83.65 64.40 37.99 153.88 21.76
1026 83.96 59.56 39.02 149.31 20.99
1027 84.17 15.92 13.06 66.73 10.40
1028 84.31 50.68 39.46 148.47 21.83
1029 84.50 28.21 31.26 119.56 20.87
1030 84.09 67.73 34.88 159.82 20.61
1031 84.38 54.57 40.46 152.23 22.42
1032 84.56 70.35 33.48 143.34 20.74
1033 84.37 46.44 37.73 154.01 23.49
1034 84.47 63.78 32.75 116.22 21.22
1035 84.88 74.80 27.83 124.48 18.04
1036 84.90 34.50 32.08 106.40 20.68
1037 85.33 78.94 22.01 102.50 13.98
1038 85.48 42.61 36.17 137.10 22.92
1039 85.25 57.95 38.61 152.69 20.78
1040 85.52 19.88 20.29 90.08 13.90
1041 85.47 24.99 31.56 112.18 18.42
1042 85.58 38.28 37.78 131.82 21.46
1043 85.04 46.90 39.70 153.16 21.81
1044 85.79 30.20 31.02 113.48 21.44
1045 85.83 62.29 37.02 136.54 20.70
1046 85.79 66.72 34.85 136.87 20.73
1047 85.89 52.57 41.35 127.29 21.48
1048 85.83 34.54 32.49 139.19 21.67
1049 86.10 71.48 31.22 133.19 18.74
1050 86.12 82.53 12.29 69.64 8.45
1051 86.12 47.16 38.41 131.82 21.95
1052 86.84 76.30 24.16 106.66 15.35
1053 86.43 57.45 36.71 144.54 21.83
1054 86.96 25.09 24.70 105.69 17.86
1055 86.90 32.63 32.33 130.46 20.97
1056 86.98 21.17 17.42 77.33 12.80
1057 87.04 59.19 38.55 135.60 21.86
1058 87.16 41.14 37.73 140.05 22.38
1059 87.39 79.89 15.97 84.58 10.37
1060 87.40 54.11 36.12 130.87 21.88
1061 87.40 65.54 33.02 142.84 20.17
1062 87.20 36.75 35.68 122.25 21.84
1063 87.69 50.15 35.72 128.89 21.72
1064 87.35 69.06 30.43 131.11 20.00
1065 87.60 45.72 35.05 140.46 20.80
1066 87.43 56.12 38.73 157.38 21.95
1067 87.72 73.36 29.53 128.78 17.56
1068 87.90 61.51 34.00 136.00 21.15
1069 88.03 27.76 27.64 104.65 17.72
1070 88.15 70.28 30.12 135.58 18.84
1071 88.29 32.36 29.61 116.58 19.94
1072 88.18 36.78 32.57 104.93 20.90
1073 88.56 21.44 13.87 70.53 11.13
1074 88.95 57.62 36.26 137.19 21.27
1075 88.80 23.91 22.13 90.44 14.82
1076 88.98 76.00 18.53 96.25 12.07
1077 88.90 41.27 36.11 121.77 21.72
1078 89.14 53.46 36.13 134.14 22.41
1079 89.06 66.74 29.90 131.42 19.04
1080 89.09 46.79 32.69 137.70 21.92
1081 89.51 29.11 27.20 113.24 17.54
1082 89.55 44.74 33.96 121.69 22.07
1083 89.66 71.76 23.69 102.28 15.41
1084 89.30 63.11 33.85 129.72 19.24
1085 89.97 37.10 30.92 106.57 20.49
1086 89.45 24.98 20.05 100.30 13.40
1087 89.89 33.21 28.41 109.03 18.72
1088 89.98 49.94 34.72 133.27 22.55
1089 89.78 61.48 32.44 140.47 19.96
1090 90.51 76.87 9.94 71.64 8.94
1091 90.58 26.38 19.25 96.67 13.31
1092 90.72 68.16 27.50 125.62 17.48
1093 90.82 58.58 31.66 138.11 20.43
1094 90.78 41.38 35.79 119.68 21.17
1095 90.53 60.33 31.90 106.80 20.48
1096 91.04 63.86 30.68 122.03 18.30
1097 91.22 55.16 32.12 118.16 20.09
1098 91.17 45.97 34.24 118.67 21.34
1099 91.31 30.02 23.52 102.03 16.25
1100 91.43 74.15 12.45 84.76 9.34
1101 91.90 51.54 30.34 121.46 20.90
1102 91.89 37.73 30.52 119.79 20.42
1103 91.99 70.64 18.65 98.65 13.05
1104 91.92 33.71 27.37 101.25 16.96
1105 92.11 25.94 14.20 61.62 11.17
1106 92.58 61.46 28.94 117.75 17.32
1107 92.57 66.09 24.90 112.76 15.88
1108 92.66 42.77 33.46 112.59 19.69
1109 92.38 47.29 30.86 117.82 21.31
1110 93.16 57.87 26.89 109.13 18.04
1111 93.06 29.73 19.51 94.40 13.51
1112 93.11 48.63 30.29 125.26 20.54
1113 93.27 72.91 9.79 60.02 8.38
1114 93.67 54.24 31.28 122.37 19.63
1115 93.17 36.21 24.70 97.29 17.35
1116 93.90 39.90 25.47 102.62 17.32
1117 93.81 68.93 16.52 89.92 11.49
1118 93.97 35.09 25.16 94.26 15.53
1119 94.46 44.64 26.30 100.71 18.90
1120 94.20 51.27 30.60 104.20 20.18
1121 94.50 65.22 21.94 105.06 13.69
1122 94.41 61.41 22.87 105.04 15.58
1123 94.69 49.46 30.68 120.32 19.12
1124 95.07 32.82 18.07 78.71 11.85
1125 95.30 57.31 22.44 104.60 15.60
1126 95.57 37.36 20.55 97.87 14.30
1127 95.68 68.29 9.19 65.44 8.34
1128 95.88 52.67 24.82 110.99 16.48
1129 95.65 46.26 24.28 102.54 17.59
1130 96.15 48.36 22.52 102.17 16.65
1131 96.47 64.29 13.43 74.56 9.61
1132 96.38 41.20 23.49 102.37 14.11
1133 96.79 60.35 18.72 90.09 12.18
1134 97.11 44.73 21.59 93.43 14.11
1135 97.11 55.90 22.13 97.02 12.98
1136 97.71 51.35 18.18 83.81 12.88

