#<Embryo name> <Cleavage cycle> <Temporal class> <Genes>
ad36 13  - even-skipped caudal bicoid

#Quantitative data
#<Nucleus number> <A-P coordinate> <D-V coordinate> <Fluorescence intensity: channel 1 - eve, channel 2 - cad, channel 3 - bcd>
0 2.31 49.43 8.65 15.67 179.33
1 3.35 43.07 11.38 18.09 186.23
2 3.50 52.20 11.40 20.42 198.47
3 3.91 46.77 15.74 22.69 212.60
4 3.90 59.34 9.52 17.13 168.77
5 4.17 55.67 11.46 20.84 190.42
6 4.81 39.75 12.91 21.71 189.60
7 5.00 49.32 17.09 27.85 219.54
8 5.30 43.46 16.90 26.62 216.11
9 5.53 52.37 18.09 27.57 218.88
10 5.75 58.52 15.54 24.62 189.56
11 5.82 36.73 15.26 24.89 212.83
12 6.33 46.39 19.69 29.64 218.88
13 6.31 54.96 18.28 29.12 205.17
14 6.91 64.54 9.14 15.59 125.58
15 7.02 61.31 15.42 24.70 170.67
16 7.05 50.62 20.91 32.30 214.48
17 7.18 39.32 19.96 33.19 218.97
18 7.13 42.57 21.45 34.57 222.64
19 7.30 35.01 19.45 27.83 216.42
20 7.42 31.47 14.43 23.32 194.63
21 7.75 56.17 21.08 32.44 203.48
22 7.94 47.68 23.10 37.59 228.62
23 8.50 44.22 27.49 38.02 222.51
24 8.61 52.24 23.67 34.74 201.15
25 8.47 59.54 22.10 30.51 182.17
26 8.63 67.60 9.75 16.96 114.97
27 8.63 28.15 12.65 18.61 180.65
28 8.65 37.75 25.09 35.16 226.46
29 8.96 64.65 16.64 25.12 149.85
30 9.30 33.88 21.77 31.78 209.73
31 9.34 48.60 27.83 42.78 224.93
32 9.65 30.55 19.20 27.13 198.43
33 9.63 40.53 27.69 36.67 216.77
34 9.41 55.33 27.06 37.95 199.05
35 9.68 61.85 21.52 33.49 172.82
36 10.02 45.65 28.50 44.13 221.76
37 10.27 58.23 25.27 36.52 182.02
38 10.31 36.20 27.25 39.03 217.91
39 10.63 50.21 28.92 42.56 202.63
40 10.79 43.11 31.02 41.63 214.68
41 10.71 66.04 19.07 26.18 132.73
42 10.81 53.57 29.90 41.09 195.65
43 10.97 26.67 17.18 25.62 184.90
44 11.28 61.99 24.89 34.36 155.20
45 11.40 38.02 28.81 42.55 222.88
46 11.42 32.64 25.79 36.94 207.08
47 11.59 29.46 22.33 31.07 197.94
48 11.70 46.97 33.58 42.88 207.01
49 11.73 68.75 17.96 22.91 109.67
50 11.98 40.62 31.13 45.97 219.20
51 11.77 57.88 29.59 39.11 178.11
52 12.44 34.91 29.37 43.43 216.48
53 12.24 53.95 32.26 42.97 188.86
54 12.41 64.06 26.27 33.99 146.16
55 12.51 50.07 33.51 46.93 191.38
56 12.67 43.58 35.78 43.78 200.80
57 12.63 24.40 16.50 21.59 162.96
58 13.18 60.05 31.32 39.46 156.86
59 13.26 31.17 29.97 41.03 205.75
60 13.28 66.86 27.05 35.91 129.52
61 13.36 70.82 20.52 25.21 96.27
62 13.53 28.20 27.37 35.18 189.74
63 13.43 37.41 33.32 43.67 206.00
64 13.45 46.90 34.34 44.35 187.61
65 13.46 56.18 32.03 44.67 170.20
66 14.25 74.12 18.26 21.27 81.06
67 13.81 52.29 35.99 45.70 174.26
68 13.75 40.40 36.49 49.01 214.71
69 14.17 22.32 18.71 21.98 154.32
70 14.13 63.21 32.96 39.67 140.07
71 14.40 33.12 32.25 41.78 188.25
72 14.55 25.96 27.65 35.28 185.67
73 14.68 42.63 37.28 46.46 186.02
74 14.80 58.30 34.03 44.01 158.56
75 15.12 49.99 38.40 46.47 168.84
76 14.94 67.48 32.44 38.26 115.06
77 14.92 46.52 37.88 48.46 179.55
78 15.29 35.69 36.98 45.99 201.62
79 15.09 54.93 39.84 50.67 170.16
80 15.41 70.81 32.35 34.77 101.31
81 15.41 39.02 37.73 46.32 191.04
82 15.56 61.02 35.21 45.22 141.71
83 15.55 20.46 19.98 24.94 159.87
84 15.80 29.25 32.63 37.93 169.59
85 15.91 64.27 35.89 44.53 133.38
86 15.96 44.15 41.99 48.24 181.97
87 16.09 24.91 28.95 34.09 160.83
88 16.26 75.24 26.98 25.46 79.68
89 16.30 52.88 45.47 49.16 152.41
90 16.50 32.28 35.25 42.87 184.01
91 16.60 56.77 41.26 46.99 142.54
92 16.81 47.99 42.71 51.80 158.22
93 16.92 67.24 38.90 43.96 111.15
94 16.78 18.52 17.52 21.42 124.21
95 16.94 39.14 40.54 52.23 180.82
96 17.00 71.29 39.87 36.75 97.67
97 17.03 35.24 39.55 47.13 187.36
98 17.37 41.86 40.68 48.17 170.81
99 17.23 60.25 42.44 51.74 136.44
100 17.56 22.45 28.41 31.47 138.23
101 17.45 44.83 46.36 50.36 169.91
102 17.51 51.10 43.89 55.21 148.15
103 17.62 26.41 33.59 41.35 164.90
104 17.84 63.61 46.13 49.02 121.47
105 17.84 78.71 28.27 22.89 65.83
106 18.02 29.35 35.59 46.48 162.91
107 17.63 18.96 22.13 22.13 112.12
108 18.30 54.85 44.50 52.31 128.86
109 18.19 75.03 37.74 30.99 78.04
110 18.34 37.09 40.92 50.67 170.89
111 18.53 32.01 38.15 46.04 158.90
112 18.61 58.14 46.92 55.46 132.08
113 18.63 67.24 49.81 49.64 108.58
114 18.60 70.75 48.38 47.08 100.12
115 18.71 47.12 46.90 53.03 144.60
116 18.87 40.33 45.62 52.16 165.51
117 18.92 50.93 49.36 54.48 141.29
118 19.15 24.58 34.64 38.78 145.65
119 19.37 20.20 30.02 31.16 118.73
120 19.33 43.68 45.96 53.14 144.27
121 19.51 61.00 44.32 51.81 112.00
122 19.36 34.71 43.21 51.59 171.98
123 19.74 64.46 54.47 54.85 110.83
124 19.82 72.69 48.94 40.72 88.10
125 19.77 78.07 45.97 31.53 72.20
126 19.97 28.10 37.35 40.96 133.93
127 19.92 16.94 24.64 24.86 104.12
128 20.07 52.81 51.35 57.18 132.87
129 20.14 38.16 48.58 54.49 162.34
130 20.35 56.26 48.12 53.45 115.71
131 20.32 48.44 50.62 54.75 119.20
132 20.41 68.13 59.29 50.48 100.17
133 20.55 32.34 47.46 49.68 150.28
134 20.81 41.12 52.24 53.82 138.71
135 20.91 23.44 37.96 38.29 127.03
136 21.02 75.31 61.70 47.31 90.08
137 20.88 15.57 20.99 22.85 91.18
138 21.08 44.79 52.85 54.89 121.53
139 21.10 59.19 57.93 55.64 111.05
140 21.09 35.66 48.39 54.87 155.89
141 21.37 80.54 54.62 30.05 62.24
142 21.47 29.95 50.70 48.91 142.85
143 21.47 19.36 36.01 34.04 114.90
144 21.37 64.05 58.29 54.80 99.87
145 21.53 71.06 68.01 49.80 90.53
146 21.54 52.45 60.27 56.89 115.53
147 21.99 27.04 48.89 49.02 139.71
148 22.07 48.60 57.36 52.81 105.01
149 22.20 38.60 55.49 54.45 135.55
150 22.28 67.32 70.11 55.22 95.59
151 22.32 55.45 61.03 61.58 110.81
152 22.33 61.34 68.30 61.92 111.24
153 22.48 77.45 71.43 43.24 72.75
154 22.56 34.56 56.84 53.89 135.25
155 22.79 15.77 34.36 28.47 90.40
156 22.57 41.73 61.99 56.44 127.24
157 22.91 24.43 49.42 45.89 120.52
158 23.03 31.71 61.32 55.58 137.31
159 22.90 44.79 62.42 57.63 115.33
160 22.92 73.20 76.52 50.27 83.66
161 23.14 58.54 67.61 63.41 104.62
162 23.08 20.84 46.62 43.68 113.03
163 23.34 64.48 84.20 61.93 99.92
164 23.35 81.49 72.17 38.66 63.50
165 23.36 51.89 62.07 54.18 96.24
166 23.56 70.06 80.34 57.37 85.94
167 23.73 29.00 57.40 52.09 122.70
168 23.87 37.16 63.86 54.54 117.55
169 23.63 84.69 57.37 24.21 45.32
170 23.59 47.82 63.09 57.27 100.78
171 23.96 75.94 87.81 53.60 76.04
172 24.10 55.51 75.55 56.74 98.71
173 24.15 40.65 61.83 55.55 114.95
174 24.42 17.96 43.52 36.31 96.08
175 24.36 61.83 75.63 56.75 91.31
176 24.53 67.41 90.40 62.35 91.17
177 24.54 33.48 66.15 54.14 115.66
178 24.58 26.06 63.51 50.99 118.85
179 24.68 79.05 84.95 47.90 66.78
180 25.08 14.27 38.19 32.62 80.72
181 24.74 22.23 50.58 45.54 106.11
182 24.38 46.75 64.94 54.06 91.53
183 24.39 85.29 62.64 29.64 47.44
184 25.00 43.46 70.56 56.83 98.29
185 24.90 50.38 75.40 59.07 94.69
186 25.00 73.35 89.97 52.79 75.01
187 25.09 58.64 78.32 58.72 86.26
188 24.89 86.76 42.31 17.08 27.24
189 25.49 64.94 98.68 67.09 91.37
190 25.51 29.64 64.85 53.03 106.07
191 25.42 83.40 79.64 39.45 54.73
192 25.64 70.35 86.81 54.71 76.35
193 25.75 54.45 74.99 56.44 81.78
194 25.90 39.59 70.92 56.57 97.00
195 25.75 36.24 76.04 62.06 108.58
196 25.98 46.72 73.34 57.69 87.45
197 26.30 76.54 99.44 55.14 69.50
198 26.44 86.88 61.72 28.31 40.18
199 26.25 80.72 95.83 48.88 61.94
200 26.31 20.86 57.03 44.76 89.58
201 26.11 25.54 65.69 52.27 105.12
202 26.27 16.87 60.11 43.41 97.72
203 26.37 62.23 96.94 67.68 86.77
204 26.30 33.26 80.73 63.14 111.62
205 26.59 10.66 35.74 23.78 65.91
206 26.55 50.55 78.24 59.73 85.30
207 26.81 67.94 95.69 62.88 77.57
208 26.77 59.44 96.10 63.46 85.63
209 26.95 43.89 81.03 59.00 87.61
210 27.12 73.72 103.45 59.34 67.53
211 27.19 30.91 77.41 61.35 104.10
212 27.49 56.88 90.22 60.24 82.41
213 27.42 14.16 57.20 38.30 74.96
214 27.50 27.59 81.48 61.89 109.33
215 27.50 64.73 107.68 69.16 82.13
216 27.61 24.17 75.62 52.37 97.25
217 27.65 38.12 91.31 66.31 103.38
218 27.57 53.33 86.01 58.90 76.92
219 27.63 35.09 85.14 59.99 96.13
220 27.77 71.10 104.63 66.17 74.69
221 27.80 83.33 95.45 46.81 52.79
222 28.01 41.37 85.95 61.81 90.61
223 27.69 18.26 70.28 46.67 92.73
224 27.76 79.54 104.77 57.10 63.08
225 28.11 48.87 81.19 56.12 71.26
226 28.40 89.76 48.53 21.75 29.80
227 28.28 20.99 86.51 54.62 89.59
228 28.46 61.69 105.36 65.63 75.54
229 28.83 86.10 78.43 38.67 42.88
230 28.62 76.64 112.54 62.30 64.94
231 28.64 11.55 64.56 36.15 70.25
232 28.76 45.20 92.25 61.07 78.74
233 29.04 33.90 90.54 64.71 83.02
234 28.74 29.52 92.50 63.83 92.10
235 28.95 66.05 113.28 64.31 71.61
236 29.15 69.00 114.10 66.35 70.87
237 29.24 17.68 86.20 48.15 82.31
238 29.11 54.10 90.70 63.39 70.03
239 29.27 58.39 94.32 62.65 70.56
240 29.45 23.04 105.91 59.41 86.71
241 29.43 25.86 95.45 60.37 84.33
242 29.36 38.79 103.58 65.41 87.37
243 29.42 81.04 101.31 55.86 54.13
244 29.68 71.98 120.47 66.71 63.09
245 29.70 14.52 89.46 43.37 67.41
246 29.90 50.46 92.45 61.31 69.31
247 29.97 74.74 133.61 72.34 66.14
248 29.62 31.28 105.53 67.79 91.82
249 30.15 43.09 96.60 64.97 76.46
250 30.17 62.57 109.70 70.27 73.02
251 30.47 10.79 77.13 36.62 56.02
252 30.65 47.40 96.92 60.30 66.80
253 30.46 28.05 110.98 63.95 87.24
254 30.62 21.01 106.04 56.67 74.47
255 30.55 88.49 79.35 45.25 43.10
256 30.72 77.80 107.82 62.86 57.58
257 30.64 35.99 116.17 68.13 86.12
258 30.83 84.66 97.96 51.13 49.90
259 30.70 66.16 123.02 73.27 69.66
260 30.38 31.53 102.64 63.98 79.51
261 30.72 54.28 96.65 62.61 66.55
262 31.04 69.62 125.36 73.41 69.86
263 31.12 39.02 114.44 67.93 79.49
264 31.15 58.19 96.27 63.83 62.22
265 31.10 17.49 103.06 54.00 68.77
266 31.22 81.54 104.09 60.92 51.86
267 31.41 33.24 114.98 68.51 81.14
268 31.44 24.20 106.25 60.80 73.93
269 31.64 13.33 97.38 46.06 59.09
270 31.92 41.88 109.53 69.05 73.20
271 31.79 30.13 121.38 68.14 80.39
272 31.82 60.97 113.86 74.27 65.31
273 31.71 74.07 135.83 74.04 64.88
274 32.18 50.29 99.63 62.76 62.26
275 32.11 45.32 97.17 62.66 64.16
276 32.34 63.92 115.49 72.84 62.74
277 31.97 91.25 60.47 32.48 31.73
278 32.35 26.88 120.90 66.89 73.61
279 32.32 8.35 68.16 31.12 44.31
280 32.33 55.13 105.30 71.09 65.57
281 32.41 20.30 106.78 57.45 67.22
282 32.40 79.44 110.73 72.45 55.88
283 32.37 87.47 83.63 50.19 42.25
284 32.37 67.09 125.23 78.79 64.47
285 32.64 35.78 122.42 68.97 74.05
286 32.51 71.04 128.72 82.12 69.78
287 32.78 16.11 106.19 54.46 57.62
288 33.03 76.36 125.58 76.25 59.40
289 33.21 82.91 92.03 56.82 44.40
290 33.06 38.95 122.56 72.08 73.34
291 32.69 93.11 40.42 21.87 23.91
292 33.23 32.42 123.56 69.93 72.40
293 33.24 23.81 118.18 67.10 69.71
294 33.45 11.77 99.25 47.06 51.32
295 33.39 29.03 124.17 70.17 72.37
296 33.66 57.81 114.34 71.09 60.20
297 33.66 60.95 122.16 78.56 62.07
298 33.78 45.99 103.62 67.24 60.27
299 33.73 53.28 99.67 66.32 57.81
300 33.78 73.31 121.42 73.62 56.62
301 33.96 42.73 112.10 67.99 63.82
302 33.76 67.93 120.85 78.55 60.53
303 34.00 91.69 51.09 31.47 29.16
304 34.13 49.14 103.88 66.18 59.73
305 33.98 86.03 90.51 62.43 47.05
306 34.26 18.33 105.68 64.52 62.23
307 34.28 21.08 112.41 72.46 68.96
308 34.55 63.11 110.46 71.24 52.31
309 34.20 79.39 105.08 73.49 50.33
310 34.54 26.26 126.09 69.96 64.89
311 34.64 15.28 109.28 56.41 53.86
312 34.65 34.54 121.61 70.52 67.65
313 34.80 70.28 115.64 85.50 57.51
314 34.96 37.17 134.09 77.54 70.97
315 34.71 40.11 123.61 73.27 66.55
316 34.78 31.30 126.16 81.22 71.91
317 34.93 8.41 86.56 40.83 41.87
318 35.18 76.80 113.34 81.42 52.83
319 35.15 65.70 129.53 90.09 63.83
320 35.07 88.99 72.85 54.89 37.81
321 35.13 56.22 113.80 78.03 60.83
322 34.84 51.47 104.96 64.19 59.57
323 35.26 11.99 111.44 53.94 47.71
324 35.42 23.09 116.60 70.92 61.53
325 35.57 81.35 87.69 62.15 43.76
326 35.51 73.57 115.12 82.59 55.86
327 35.78 28.84 126.36 82.88 67.68
328 35.43 45.47 114.77 68.99 59.82
329 35.64 52.30 100.33 72.79 56.34
330 35.85 85.09 91.67 66.11 44.23
331 36.07 59.07 120.71 74.50 57.27
332 36.12 48.73 108.39 73.78 56.23
333 36.22 42.67 118.95 72.45 60.92
334 36.48 93.88 37.59 30.85 25.59
335 36.38 20.01 120.10 71.39 56.22
336 36.34 67.82 120.05 94.37 59.89
337 36.50 16.99 107.27 61.48 50.81
338 36.27 39.15 128.04 80.03 65.84
339 36.42 25.69 120.86 73.81 58.69
340 36.49 31.76 120.47 82.03 64.69
341 36.59 70.88 119.41 90.48 56.42
342 36.59 34.92 123.79 73.97 60.21
343 36.59 89.51 70.76 56.86 37.50
344 36.93 61.88 122.52 85.43 56.82
345 36.87 13.79 103.27 59.17 44.48
346 36.41 45.74 107.71 66.67 55.62
347 36.60 54.74 102.14 74.55 54.45
348 36.83 64.74 125.90 94.74 58.99
349 36.82 9.82 100.14 51.36 42.01
350 36.90 77.70 108.50 77.80 49.41
351 36.93 5.73 63.50 29.23 32.54
352 37.12 74.30 121.21 100.61 57.76
353 37.45 81.98 95.34 72.86 42.68
354 37.30 51.30 100.91 76.52 56.58
355 37.47 22.52 119.11 76.83 56.63
356 37.54 28.86 119.11 79.67 59.03
357 37.54 85.44 87.23 67.02 39.96
358 37.63 37.67 134.95 86.32 64.88
359 37.84 40.86 120.56 80.51 60.83
360 37.74 47.63 108.66 74.10 55.25
361 37.90 58.87 119.15 86.97 56.05
362 38.00 91.99 59.50 51.20 32.29
363 38.04 43.88 120.94 81.05 58.52
364 38.11 55.11 113.42 77.07 54.42
365 38.26 7.66 83.35 46.01 36.67
366 38.13 67.53 115.72 87.46 51.02
367 38.23 25.01 127.73 83.84 57.56
368 38.23 32.58 111.65 79.19 56.11
369 38.45 19.05 105.56 72.43 49.26
370 38.22 71.36 110.23 90.71 49.83
371 38.42 78.95 102.92 85.20 45.76
372 38.62 15.44 103.93 66.13 46.52
373 38.54 11.23 96.96 61.43 40.37
374 38.54 63.94 115.48 86.28 51.07
375 38.71 87.85 79.49 66.28 37.47
376 38.73 75.39 108.56 84.78 45.83
377 38.80 36.02 121.47 83.34 58.34
378 38.80 51.33 105.90 77.60 52.51
379 39.20 5.03 60.68 33.06 29.62
380 39.01 27.42 125.46 91.20 57.95
381 39.15 46.38 126.89 83.96 56.55
382 39.33 61.05 114.72 87.73 51.81
383 39.45 22.46 114.13 79.02 48.49
384 39.38 83.84 84.63 76.23 40.82
385 39.58 39.45 123.14 86.89 57.04
386 39.45 57.34 111.93 83.54 52.96
387 39.81 29.82 118.94 86.45 51.45
388 39.55 68.77 121.47 101.58 55.23
389 39.70 90.77 66.90 66.34 33.26
390 39.81 42.70 116.20 80.40 51.88
391 39.86 80.41 94.59 83.82 44.42
392 39.83 72.55 112.20 91.58 48.53
393 40.06 53.43 118.29 84.45 51.35
394 40.06 12.37 90.89 67.23 39.78
395 40.08 32.77 117.56 94.97 59.68
396 40.21 65.88 113.75 91.74 48.80
397 40.24 49.27 114.68 81.75 50.06
398 40.61 8.18 73.65 49.49 29.07
399 40.41 25.42 108.21 77.24 46.58
400 40.33 19.90 105.38 83.96 45.37
401 40.36 76.35 97.86 90.60 44.54
402 40.54 94.31 44.47 43.49 25.03
403 40.35 16.29 101.56 73.56 41.42
404 40.32 36.03 110.22 83.80 51.06
405 40.71 86.25 75.24 74.85 36.56
406 40.76 62.77 117.10 100.64 51.50
407 40.80 46.04 120.93 86.06 51.28
408 41.10 4.45 46.66 29.94 26.68
409 40.90 56.45 120.43 95.73 53.26
410 41.13 59.87 114.82 99.53 51.45
411 40.98 69.93 109.90 103.18 50.02
412 41.37 27.91 111.98 93.84 50.32
413 41.35 39.57 103.27 81.76 48.50
414 41.44 82.59 82.85 85.13 38.77
415 41.55 89.47 71.23 71.14 33.32
416 41.76 23.05 98.41 79.10 41.45
417 41.61 42.48 114.59 83.54 49.70
418 41.75 79.29 92.47 96.32 42.68
419 41.59 51.66 115.22 87.41 49.19
420 41.89 72.54 99.95 97.66 44.62
421 41.69 12.31 92.15 77.01 39.27
422 41.89 30.62 109.15 92.75 48.80
423 41.95 33.50 104.77 86.01 46.94
424 41.91 19.65 100.30 81.67 42.79
425 41.87 36.87 101.75 90.15 47.35
426 41.79 64.83 113.93 100.72 49.55
427 42.09 15.63 91.15 71.64 35.95
428 42.02 76.01 104.58 105.90 47.27
429 42.27 48.61 107.90 83.92 46.32
430 42.37 68.61 97.86 92.38 42.90
431 42.33 54.81 114.80 95.46 48.80
432 42.48 92.80 61.08 60.35 29.41
433 42.58 9.63 81.55 68.34 32.46
434 42.48 45.61 114.96 91.38 51.18
435 42.66 26.21 99.71 90.10 44.34
436 42.51 57.84 98.61 93.23 46.03
437 42.73 85.15 77.48 79.44 37.93
438 42.92 5.96 62.87 47.54 27.13
439 42.82 61.33 100.40 92.46 44.81
440 43.12 65.49 114.32 108.06 48.05
441 43.32 39.69 95.77 84.31 45.53
442 43.21 52.32 115.37 94.87 47.14
443 43.55 88.49 66.51 75.69 33.04
444 43.39 81.51 80.66 91.58 37.45
445 43.32 35.57 97.51 83.65 43.11
446 43.32 73.92 104.46 107.21 45.45
447 43.42 43.37 109.53 87.80 48.24
448 43.41 20.50 100.16 94.31 43.65
449 43.60 17.07 93.99 83.73 38.06
450 43.53 30.32 88.31 84.75 39.74
451 43.75 77.94 75.27 87.59 37.07
452 43.90 12.50 76.10 68.48 31.48
453 43.87 23.69 90.51 88.77 40.29
454 44.10 70.73 97.48 102.94 43.35
455 43.92 49.65 103.05 93.16 46.40
456 44.17 55.78 98.40 95.99 44.26
457 44.09 58.86 99.76 100.04 45.24
458 44.41 46.76 102.57 89.97 43.65
459 44.34 63.54 100.54 106.92 44.53
460 44.37 67.28 96.18 104.50 43.12
461 44.33 92.20 58.31 66.57 27.82
462 44.41 26.72 93.68 88.95 39.24
463 44.64 7.60 67.35 58.89 25.33
464 44.84 32.89 89.74 87.20 39.78
465 44.81 52.97 98.21 93.08 44.07
466 45.13 85.99 68.99 84.43 33.41
467 44.71 82.50 81.62 98.27 37.37
468 44.92 35.92 87.54 90.60 39.57
469 44.82 43.43 101.99 90.08 43.25
470 44.92 74.05 86.73 99.26 38.49
471 45.11 16.21 83.03 85.04 31.94
472 44.89 39.76 89.92 88.54 41.22
473 44.96 20.56 92.51 90.38 36.35
474 45.12 60.61 95.87 106.02 44.70
475 45.38 29.49 86.31 94.71 38.31
476 45.65 76.49 81.10 103.50 38.60
477 45.54 95.36 40.35 48.50 21.01
478 45.86 79.57 79.15 102.53 37.53
479 45.75 10.14 77.19 73.38 28.76
480 45.64 50.94 91.26 87.02 42.90
481 45.72 89.79 63.96 80.52 30.02
482 46.05 13.72 80.66 78.44 29.22
483 46.00 23.36 82.75 94.47 36.71
484 45.78 67.85 89.53 106.58 40.43
485 45.92 48.27 87.97 89.51 42.72
486 45.97 56.13 80.93 86.46 39.66
487 45.99 98.20 13.49 19.84 8.34
488 45.92 71.40 85.98 107.32 40.13
489 45.97 63.76 87.28 101.30 40.33
490 46.18 26.53 85.58 97.21 36.92
491 46.04 82.72 80.95 96.06 37.14
492 46.28 37.16 94.33 106.59 42.72
493 46.39 19.52 89.21 101.08 35.38
494 46.18 44.06 93.53 95.89 42.72
495 46.43 40.70 87.96 102.84 42.01
496 46.74 6.54 57.22 58.08 21.43
497 46.43 59.82 96.14 110.62 42.06
498 46.59 31.73 84.41 97.06 36.52
499 47.19 92.29 54.73 72.63 25.31
500 47.36 17.13 78.67 89.00 30.59
501 47.15 53.16 74.45 90.54 39.84
502 47.31 87.87 64.71 87.30 31.51
503 47.24 66.35 87.62 110.28 37.91
504 47.31 73.10 82.75 111.56 38.50
505 47.19 46.57 89.56 98.31 41.44
506 47.36 69.59 85.30 106.50 37.94
507 47.29 96.70 29.63 35.36 15.83
508 47.51 34.62 82.32 91.78 35.38
509 47.42 84.05 68.88 92.72 31.87
510 47.40 11.37 76.39 83.87 28.68
511 47.34 78.68 75.96 105.00 36.99
512 47.65 50.19 74.60 93.68 38.15
513 47.76 75.50 74.65 101.94 35.72
514 47.80 28.01 76.05 100.34 35.56
515 47.71 63.33 86.01 111.72 37.04
516 47.87 21.55 83.63 96.19 32.67
517 47.79 24.63 79.84 100.78 33.25
518 47.70 39.12 80.53 103.33 37.62
519 47.78 42.72 88.21 102.98 39.30
520 48.09 55.43 75.53 97.60 37.71
521 47.82 59.90 79.18 98.77 36.83
522 48.40 14.51 67.94 88.13 26.64
523 48.32 8.12 70.46 78.37 24.87
524 48.47 30.86 78.28 105.13 35.46
525 48.51 81.18 66.96 102.51 32.17
526 48.60 45.35 87.98 111.42 40.60
527 48.91 97.19 25.74 35.60 13.19
528 48.81 37.34 75.40 105.97 36.57
529 48.78 77.76 77.29 129.52 38.61
530 48.92 57.88 77.78 108.14 36.92
531 48.88 67.41 83.89 111.00 38.63
532 48.91 71.56 72.78 103.34 34.36
533 49.11 19.72 77.58 96.82 29.16
534 49.03 93.44 48.44 72.59 23.22
535 49.08 49.08 81.50 108.67 39.29
536 49.30 87.01 60.35 88.32 28.61
537 49.41 90.16 50.46 79.10 25.69
538 49.23 33.94 81.75 112.24 37.26
539 49.25 40.82 75.24 102.91 36.67
540 49.41 11.02 63.35 80.28 24.62
541 49.19 52.28 82.81 113.58 39.00
542 49.29 63.61 77.12 112.96 37.31
543 49.60 83.57 66.02 104.87 31.84
544 49.47 25.26 69.41 101.62 31.12
545 49.86 16.81 70.97 99.33 30.43
546 50.08 28.06 71.09 103.68 31.13
547 50.07 76.14 72.82 108.98 34.79
548 50.04 6.95 53.38 71.05 20.28
549 49.92 46.57 82.57 112.20 38.42
550 50.21 61.10 75.10 116.20 35.75
551 50.20 43.52 77.62 110.17 36.72
552 50.22 54.69 70.84 110.16 37.30
553 50.37 22.66 69.08 105.68 29.60
554 50.26 79.75 63.75 107.38 32.52
555 50.44 73.36 65.46 112.45 32.57
556 50.48 69.79 73.20 120.46 35.90
557 50.53 30.92 67.14 108.11 31.47
558 50.36 58.22 73.11 115.30 35.04
559 50.44 66.38 73.61 123.43 35.60
560 50.63 13.40 62.15 100.10 26.62
561 50.56 37.02 73.16 104.65 32.76
562 50.69 3.00 29.58 38.18 14.24
563 50.55 97.74 18.63 29.78 10.96
564 50.60 51.22 71.60 118.97 37.12
565 50.82 39.83 68.52 105.79 33.53
566 50.94 94.61 40.80 60.04 18.77
567 50.90 34.00 72.44 117.04 32.93
568 51.15 19.79 66.85 101.56 27.28
569 51.13 48.60 78.02 117.41 37.42
570 51.15 85.29 63.29 107.34 30.33
571 51.61 91.59 50.56 82.26 22.87
572 51.46 63.32 76.63 123.09 35.74
573 51.62 9.53 55.90 86.14 21.55
574 51.77 88.40 50.40 89.45 26.75
575 51.74 24.74 62.10 103.26 27.15
576 51.77 81.83 61.88 106.16 31.20
577 51.84 45.68 74.12 109.64 35.53
578 51.79 16.49 62.20 103.10 26.33
579 51.76 42.64 75.10 117.94 35.48
580 51.71 56.72 62.64 115.06 33.04
581 51.84 78.40 67.31 113.58 31.47
582 51.95 27.92 67.71 101.67 29.27
583 51.84 53.07 66.08 112.17 33.38
584 51.95 71.87 68.29 126.24 34.61
585 52.06 75.37 64.16 116.14 31.64
586 51.98 66.41 71.23 127.38 34.10
587 52.18 6.12 47.82 80.93 20.14
588 52.17 60.41 61.29 112.85 32.37
589 52.56 2.52 24.60 37.22 13.29
590 52.36 12.83 60.90 98.62 23.57
591 52.36 97.49 16.13 28.12 9.32
592 52.47 35.61 61.36 107.38 29.84
593 52.40 39.30 69.44 112.30 32.03
594 52.80 21.96 66.28 114.34 27.95
595 52.80 69.40 65.63 131.61 34.25
596 52.59 32.08 63.57 114.26 28.82
597 52.75 50.21 74.50 128.51 34.26
598 53.13 47.70 62.68 114.03 32.41
599 52.96 84.94 57.33 105.75 28.06
600 53.11 93.78 35.77 60.58 17.98
601 53.20 18.49 65.48 107.43 25.40
602 53.14 57.70 61.59 129.51 34.25
603 53.47 54.78 65.83 117.70 31.47
604 53.39 42.44 69.54 121.66 31.65
605 53.48 62.71 64.55 125.21 32.87
606 53.55 29.53 61.95 114.66 28.12
607 53.66 25.42 56.88 102.91 26.63
608 53.53 74.26 58.71 117.14 30.60
609 53.43 78.56 63.56 112.36 31.09
610 53.63 15.08 61.89 105.24 25.01
611 53.59 66.33 63.98 127.31 32.41
612 53.71 88.95 48.92 90.37 24.09
613 53.76 6.81 43.53 77.94 17.21
614 53.87 52.12 64.17 127.39 32.57
615 54.00 81.95 57.68 114.84 28.63
616 53.95 11.18 47.12 85.98 20.51
617 54.03 45.03 72.15 125.04 33.84
618 53.96 33.58 60.20 111.39 28.82
619 53.85 39.06 61.35 112.38 30.19
620 54.24 71.18 61.38 136.82 32.45
621 54.47 2.78 22.18 33.67 11.40
622 54.31 59.30 59.36 136.68 33.23
623 54.39 20.54 70.37 133.86 28.59
624 54.95 37.04 54.16 115.17 28.89
625 54.76 92.00 38.97 77.72 19.26
626 54.85 85.63 46.76 101.81 25.39
627 55.00 50.05 67.21 124.49 30.72
628 54.94 28.27 60.00 125.93 28.37
629 55.08 64.59 55.16 130.02 32.38
630 55.12 68.31 56.26 128.09 32.02
631 55.12 95.42 25.42 54.29 14.92
632 55.01 78.10 57.50 125.49 29.58
633 55.11 41.40 58.87 119.15 29.39
634 55.26 46.98 59.76 115.12 28.71
635 55.20 74.79 54.86 128.35 32.09
636 55.34 7.94 38.00 80.09 16.46
637 55.21 15.92 50.22 98.48 22.40
638 55.53 22.51 56.92 119.54 26.59
639 55.52 57.23 53.24 120.06 30.66
640 55.42 31.64 52.54 115.54 27.36
641 55.45 53.90 56.16 112.62 28.84
642 55.53 61.25 54.41 115.67 30.40
643 55.71 25.39 55.93 114.54 25.11
644 55.69 12.00 48.83 100.71 20.31
645 55.79 81.68 53.31 117.17 28.31
646 56.03 18.66 57.88 126.49 24.74
647 55.97 89.57 46.51 96.58 23.69
648 56.12 43.87 54.86 114.52 27.76
649 56.14 34.89 57.62 128.34 28.86
650 56.01 71.88 54.71 119.46 29.46
651 56.31 2.14 17.02 31.18 8.85
652 56.67 5.33 30.63 66.19 13.78
653 56.62 40.24 53.95 124.58 29.31
654 56.62 86.27 48.24 110.00 25.60
655 56.64 66.64 55.16 131.05 29.86
656 56.73 28.54 51.44 112.18 25.04
657 56.74 48.82 58.01 125.74 29.29
658 56.80 52.05 50.30 117.08 28.40
659 56.85 93.70 31.73 68.90 15.75
660 56.85 77.85 52.21 123.28 28.29
661 56.99 63.38 54.42 133.02 30.20
662 57.16 14.47 45.40 100.23 20.12
663 57.18 69.46 51.98 123.57 29.53
664 57.03 74.69 53.90 128.16 28.29
665 57.15 56.50 47.35 122.77 28.46
666 57.34 60.12 47.26 116.23 28.73
667 57.39 37.23 52.29 132.82 29.52
668 57.25 10.22 39.30 95.42 17.35
669 57.26 21.05 55.13 137.53 25.15
670 57.26 32.22 50.69 122.29 25.65
671 57.39 46.02 48.99 120.93 27.27
672 57.47 83.53 47.53 122.50 26.45
673 57.54 24.30 51.18 124.34 25.33
674 57.77 80.34 49.50 122.74 25.73
675 57.95 17.96 50.90 115.52 22.53
676 57.87 89.80 36.17 82.99 19.53
677 58.31 43.48 50.04 124.10 26.99
678 58.21 71.92 48.43 124.60 28.23
679 58.30 7.15 34.15 89.60 15.01
680 58.27 53.94 50.17 130.16 28.72
681 58.51 27.21 50.08 137.92 25.26
682 58.30 40.52 54.04 141.83 27.83
683 58.46 49.76 47.94 126.76 28.10
684 58.39 65.74 54.00 140.76 28.74
685 58.61 34.48 49.37 118.85 24.68
686 58.66 30.21 53.43 133.06 25.85
687 58.64 93.98 26.69 59.94 13.97
688 58.61 75.33 56.64 134.18 27.79
689 58.89 85.93 42.33 100.31 23.04
690 58.92 58.27 45.88 116.10 26.70
691 58.89 62.17 51.88 129.89 27.19
692 59.04 11.71 36.09 97.91 18.87
693 59.10 15.57 42.00 114.66 20.55
694 59.00 21.33 49.58 117.18 21.87
695 59.22 68.63 50.72 119.69 27.40
696 59.24 37.94 46.24 126.68 25.67
697 59.30 46.65 44.59 118.40 25.98
698 59.41 78.30 45.11 117.71 25.05
699 59.36 82.20 44.91 116.85 25.30
700 59.45 24.92 47.67 128.63 22.65
701 59.61 89.46 40.99 97.66 19.86
702 59.80 52.57 45.03 124.37 26.35
703 60.03 55.80 46.90 128.58 24.78
704 59.91 7.33 31.43 84.67 14.68
705 60.09 41.24 48.52 124.54 26.04
706 60.02 71.50 47.26 135.09 28.22
707 60.08 32.75 46.71 131.97 24.92
708 60.29 18.81 43.91 120.43 21.53
709 60.14 64.96 47.50 131.87 27.10
710 60.25 74.20 44.77 127.30 27.03
711 60.42 92.56 28.85 77.27 15.23
712 60.57 44.88 45.44 118.80 25.97
713 60.56 49.35 42.80 120.62 26.23
714 60.50 36.16 46.32 138.02 25.34
715 60.59 29.61 49.92 128.84 22.84
716 60.61 61.63 45.64 131.85 26.38
717 60.68 22.78 50.25 140.44 24.10
718 60.78 14.86 37.19 113.42 19.01
719 61.03 58.67 48.42 135.66 26.61
720 60.90 86.71 39.26 105.42 20.44
721 61.16 11.22 34.19 102.72 16.64
722 61.07 79.56 46.14 128.08 24.77
723 61.14 26.12 45.31 134.85 22.37
724 61.15 82.92 41.31 116.05 22.71
725 61.21 76.36 45.48 125.55 25.40
726 61.39 67.25 45.26 132.40 25.69
727 61.41 70.00 44.69 140.46 26.59
728 61.76 38.26 42.32 121.05 24.19
729 61.81 51.77 44.54 120.44 24.48
730 61.76 33.99 42.95 126.90 23.58
731 61.81 55.22 45.13 135.26 24.90
732 61.93 90.24 30.06 84.56 16.92
733 61.88 7.82 26.05 83.41 13.04
734 61.99 41.42 43.65 128.10 24.26
735 62.04 94.55 17.71 46.01 10.42
736 62.03 21.14 41.52 141.82 20.96
737 62.20 18.17 41.75 124.01 19.75
738 62.09 64.10 46.88 140.41 27.09
739 62.34 47.76 42.55 113.75 24.58
740 62.20 44.48 48.70 131.49 25.12
741 62.36 72.84 44.34 127.64 24.44
742 62.30 28.33 47.59 141.95 22.57
743 62.73 31.16 44.90 135.17 22.71
744 62.54 85.14 36.58 113.62 21.30
745 62.71 15.44 36.25 118.90 18.07
746 62.77 24.13 39.22 124.55 19.69
747 62.80 61.25 44.24 139.69 25.02
748 62.93 58.20 42.60 130.24 24.17
749 62.81 79.59 43.44 143.45 24.45
750 62.97 76.19 43.56 134.12 24.99
751 63.31 12.41 37.25 118.34 17.20
752 63.27 69.69 44.76 129.80 24.43
753 63.43 66.30 40.16 125.72 24.52
754 63.51 88.22 30.01 101.70 17.02
755 63.49 37.13 40.24 127.81 22.85
756 63.41 53.83 42.13 123.72 23.14
757 63.60 34.00 40.69 125.87 22.64
758 63.57 6.66 27.44 93.43 12.38
759 63.67 82.15 40.18 112.18 22.03
760 63.67 50.37 40.15 116.51 22.71
761 63.71 93.02 20.19 57.56 11.59
762 63.83 26.78 43.22 143.84 20.72
763 63.77 21.21 41.15 128.22 19.04
764 63.87 41.23 41.89 119.01 22.91
765 64.00 44.50 41.60 125.96 22.35
766 64.30 9.64 31.29 113.72 14.50
767 64.37 63.12 43.23 142.74 24.06
768 64.70 18.62 35.91 127.84 18.43
769 64.41 56.60 41.37 139.66 24.36
770 64.52 72.00 39.94 132.20 22.46
771 64.62 47.66 41.03 126.71 23.43
772 64.54 30.56 40.78 130.49 20.85
773 64.58 75.02 42.33 125.46 23.54
774 64.70 85.10 30.09 95.42 18.27
775 64.83 15.59 35.05 115.85 17.00
776 64.66 78.42 42.02 130.47 22.20
777 65.05 24.24 40.05 135.33 20.33
778 64.94 39.12 42.74 137.82 22.19
779 65.06 59.86 39.27 126.75 22.36
780 64.85 90.43 26.57 83.31 14.43
781 64.91 68.18 43.52 139.90 24.77
782 65.24 52.62 38.15 109.15 21.66
783 65.59 36.06 37.92 127.51 21.34
784 65.59 11.76 29.82 103.25 14.46
785 65.55 27.64 38.51 131.56 20.96
786 65.61 81.27 36.28 116.06 20.80
787 65.75 33.29 41.88 136.97 20.27
788 65.72 65.16 41.75 143.78 23.41
789 65.76 21.30 41.10 149.73 19.28
790 65.79 6.88 21.67 77.60 11.07
791 65.90 93.42 15.31 48.03 9.32
792 65.99 44.09 39.08 119.05 21.94
793 66.09 87.53 31.08 104.82 17.00
794 66.16 56.58 41.63 131.58 22.34
795 66.32 70.26 41.50 134.55 22.83
796 66.26 73.46 42.25 134.24 23.59
797 66.29 77.05 39.09 131.18 22.82
798 66.33 47.94 38.03 123.58 20.98
799 66.55 62.14 37.39 131.04 22.99
800 66.48 39.26 37.36 131.60 21.36
801 66.68 30.86 42.74 143.19 20.21
802 66.78 83.90 33.58 113.51 18.24
803 66.74 14.46 31.92 119.26 15.67
804 66.85 51.17 33.57 120.67 21.09
805 66.80 18.39 36.26 128.17 17.35
806 66.96 67.36 42.33 143.90 22.53
807 67.08 90.87 23.02 76.17 12.42
808 67.10 25.74 39.19 153.28 19.77
809 67.26 22.89 37.01 141.55 19.11
810 67.21 41.76 34.90 126.38 20.04
811 67.24 9.39 26.31 106.79 12.14
812 67.50 59.17 38.13 139.41 22.70
813 67.55 54.11 39.13 142.01 22.54
814 67.45 28.36 40.32 150.69 19.39
815 67.50 79.68 38.54 126.18 21.27
816 67.41 35.77 37.27 124.55 20.12
817 67.61 5.32 14.59 48.51 8.01
818 67.79 75.54 41.01 141.51 21.96
819 68.06 46.44 35.49 122.30 19.83
820 68.10 65.06 36.11 128.88 21.49
821 67.90 71.41 38.34 136.04 21.95
822 68.12 87.19 29.25 97.24 15.36
823 68.36 32.97 40.42 130.63 19.56
824 68.38 16.46 32.04 129.63 15.20
825 68.46 20.06 34.22 133.36 16.64
826 68.55 12.41 27.89 110.84 13.36
827 68.41 39.32 36.91 138.63 20.55
828 68.53 62.22 38.40 134.09 21.10
829 68.63 43.26 35.04 133.59 20.78
830 68.75 49.72 36.20 122.39 20.57
831 68.59 56.52 40.34 145.23 22.37
832 68.45 82.79 33.81 113.95 17.23
833 68.69 91.78 17.50 52.80 9.51
834 68.66 68.47 36.86 135.26 22.15
835 68.99 25.69 38.18 143.30 17.60
836 68.94 29.41 39.15 140.72 19.28
837 69.04 8.82 23.64 94.72 10.25
838 69.09 73.26 40.30 149.71 21.62
839 69.32 36.92 38.91 140.28 19.69
840 69.25 77.29 38.13 127.79 19.31
841 69.39 22.68 37.71 146.09 17.89
842 69.42 53.14 33.61 125.77 19.96
843 69.86 60.41 40.18 153.94 21.83
844 69.94 80.79 34.96 118.26 18.38
845 69.85 84.93 28.32 107.00 15.85
846 69.56 88.47 26.87 86.40 13.12
847 69.99 15.08 28.20 124.70 14.97
848 70.06 34.45 41.06 142.30 19.11
849 70.17 41.05 36.19 132.86 19.62
850 70.10 57.38 37.22 143.59 21.79
851 70.12 66.91 37.64 136.83 20.40
852 70.21 44.69 39.24 137.65 19.69
853 70.20 31.31 38.63 146.36 18.88
854 70.27 63.72 35.89 133.39 20.80
855 70.40 47.74 36.01 121.52 19.36
856 70.40 70.26 36.76 133.04 20.65
857 70.39 19.54 34.05 120.75 16.40
858 70.37 89.09 21.35 70.65 10.91
859 70.71 27.41 35.74 137.17 17.04
860 70.77 11.06 22.57 103.49 10.87
861 70.65 74.25 36.79 131.20 19.62
862 70.99 7.26 14.79 57.06 7.55
863 70.90 51.43 35.43 138.55 21.08
864 70.91 23.70 31.31 142.32 17.23
865 71.11 77.47 36.81 128.47 20.21
866 71.30 90.82 14.41 46.28 8.56
867 71.30 37.02 40.09 132.96 18.60
868 71.36 55.41 34.98 123.51 20.77
869 71.57 17.11 29.30 125.46 15.12
870 71.57 84.46 27.85 99.30 15.04
871 71.68 40.18 38.47 139.80 18.53
872 71.64 59.80 33.93 133.67 20.53
873 71.73 33.60 36.32 143.87 19.39
874 71.82 30.67 38.58 145.23 18.63
875 71.82 80.87 30.68 106.89 16.84
876 71.78 66.87 34.79 152.61 19.93
877 72.05 13.37 26.06 117.07 12.57
878 71.92 72.23 38.42 158.16 20.62
879 71.93 44.31 35.49 125.06 18.41
880 72.09 63.41 37.47 144.39 20.48
881 72.23 21.35 31.85 135.34 15.92
882 72.14 48.76 32.28 126.20 19.28
883 72.47 87.47 21.35 80.35 11.62
884 72.23 25.00 31.81 145.57 17.48
885 72.55 69.51 36.76 150.08 21.02
886 72.63 9.56 16.35 83.95 8.94
887 72.81 29.05 33.81 145.74 17.53
888 72.93 53.01 33.22 128.74 19.14
889 72.91 74.60 35.69 127.28 18.96
890 73.04 77.40 32.35 119.25 16.82
891 73.06 35.25 33.25 141.18 18.47
892 73.10 56.22 31.92 132.50 19.32
893 73.20 38.93 36.82 134.05 18.47
894 73.29 18.86 29.23 131.18 14.94
895 73.38 15.51 27.46 121.05 12.96
896 73.41 42.22 38.99 137.50 18.51
897 73.26 59.50 36.02 141.54 19.94
898 73.54 26.77 33.72 154.67 17.20
899 73.47 45.87 38.27 139.72 19.13
900 73.59 83.66 26.52 99.21 14.19
901 73.59 66.76 37.98 147.46 19.49
902 73.71 80.12 31.70 112.39 16.97
903 73.69 50.18 34.28 138.92 19.32
904 74.02 32.76 31.97 135.71 17.84
905 73.79 63.46 34.73 135.78 19.08
906 73.86 23.77 32.33 141.69 17.05
907 73.90 71.56 39.51 151.77 20.29
908 74.33 11.97 20.08 96.20 9.80
909 74.33 8.23 11.76 56.27 7.01
910 74.44 87.72 17.21 58.30 8.92
911 74.66 21.07 29.99 144.84 14.97
912 74.50 36.91 32.73 142.66 18.44
913 74.71 29.95 35.24 149.22 18.09
914 74.69 60.46 35.82 146.72 19.55
915 74.73 74.61 38.78 134.62 18.68
916 75.00 69.35 33.99 131.73 19.20
917 74.86 48.16 32.73 144.59 18.07
918 74.89 57.17 32.89 136.48 18.59
919 75.03 53.93 33.17 135.58 18.08
920 75.06 41.51 33.84 132.16 18.13
921 75.16 18.08 27.35 134.92 14.25
922 75.25 14.98 23.75 120.37 12.53
923 75.27 44.95 32.48 131.64 18.12
924 75.19 26.85 30.80 143.72 16.26
925 75.49 77.64 29.88 116.83 16.65
926 75.30 65.94 37.01 151.11 20.01
927 75.40 84.66 22.24 99.06 12.36
928 75.49 81.26 27.17 106.59 14.06
929 75.76 23.40 31.78 144.58 15.51
930 75.79 50.86 32.80 140.10 18.17
931 75.70 62.61 33.78 142.34 19.63
932 75.84 38.62 34.04 149.28 18.08
933 75.77 32.79 33.96 148.53 18.04
934 75.91 9.75 14.40 62.87 7.31
935 76.23 35.71 34.03 146.25 18.38
936 76.23 73.36 29.78 124.71 17.72
937 76.53 59.19 33.64 140.35 19.11
938 76.68 12.79 18.49 97.35 9.49
939 76.55 29.66 32.26 142.20 17.28
940 76.64 86.65 16.03 54.10 8.48
941 76.72 20.15 26.38 122.37 14.02
942 76.70 55.79 32.41 138.29 18.50
943 76.69 26.03 31.41 150.30 16.01
944 76.66 67.67 34.84 148.57 18.97
945 76.91 70.45 34.10 146.40 19.15
946 76.88 47.80 31.52 138.16 18.30
947 76.90 41.00 32.64 151.04 17.77
948 76.97 16.57 22.24 119.20 11.56
949 77.12 44.19 30.13 139.42 17.51
950 77.13 64.75 32.90 146.44 19.02
951 77.25 80.03 26.18 109.54 14.79
952 77.25 52.15 33.38 140.99 17.67
953 77.34 83.07 22.46 92.57 11.47
954 77.47 77.21 29.46 123.30 15.76
955 77.30 32.98 32.18 150.51 17.30
956 77.46 61.97 32.91 151.08 18.66
957 77.69 23.61 30.57 138.52 15.25
958 77.68 37.79 30.90 158.57 17.18
959 77.91 74.63 31.75 139.97 17.33
960 77.94 27.92 30.07 146.98 15.95
961 78.21 11.63 13.40 63.40 7.80
962 78.36 31.20 33.10 156.34 17.05
963 78.37 35.31 32.75 148.37 17.22
964 78.49 57.07 31.14 145.91 18.96
965 78.60 19.96 24.97 132.98 13.56
966 78.52 59.77 33.39 150.22 18.96
967 78.34 68.12 33.92 149.77 18.09
968 78.45 72.04 31.59 142.12 17.87
969 78.38 15.71 20.05 113.61 9.99
970 78.66 54.01 29.61 139.86 17.76
971 78.58 40.29 32.29 145.37 17.41
972 78.67 47.17 29.30 135.22 17.25
973 78.79 50.62 29.73 132.36 17.66
974 78.80 84.98 14.71 55.12 7.61
975 78.90 43.93 28.65 138.57 17.31
976 78.99 65.37 29.83 143.78 18.42
977 79.19 25.98 29.59 140.64 15.28
978 79.12 62.45 32.38 146.57 19.08
979 79.49 81.57 20.25 90.32 11.14
980 79.55 78.51 22.56 98.07 13.48
981 79.56 23.02 25.31 130.26 13.48
982 79.46 29.39 31.64 149.58 16.87
983 79.61 33.28 30.97 152.64 15.63
984 79.57 70.28 32.36 150.60 17.39
985 79.68 75.24 26.41 114.34 14.68
986 79.69 36.63 30.72 146.89 16.52
987 79.81 11.78 10.58 54.01 6.56
988 79.74 15.44 19.98 103.41 9.37
989 79.99 41.72 29.43 145.25 17.25
990 80.22 55.59 31.97 157.67 17.83
991 80.27 20.38 23.29 130.07 11.74
992 80.49 49.56 30.29 142.81 16.76
993 80.37 58.62 30.63 134.81 17.49
994 80.33 67.62 32.40 139.80 17.91
995 80.43 46.44 27.02 132.72 16.63
996 80.78 52.57 29.28 138.68 16.83
997 80.71 38.49 30.58 152.12 17.01
998 80.74 72.51 27.98 121.64 15.53
999 80.66 61.56 29.89 155.37 17.95
1000 80.78 64.47 27.72 141.30 17.82
1001 80.93 17.71 19.00 108.61 10.22
1002 80.73 28.12 28.11 149.21 14.86
1003 80.90 31.52 29.54 150.17 16.97
1004 81.06 25.00 26.18 127.89 13.98
1005 81.22 13.64 13.74 67.44 7.88
1006 81.14 35.19 29.71 152.86 16.75
1007 81.38 75.91 21.90 110.65 13.75
1008 81.38 41.72 27.76 151.90 16.02
1009 81.70 44.52 28.23 134.93 16.84
1010 81.78 79.47 21.43 88.21 11.28
1011 81.64 21.98 22.34 124.51 12.13
1012 81.74 69.95 26.98 135.25 15.98
1013 81.91 55.38 28.61 130.62 17.44
1014 82.01 67.24 30.49 141.03 17.36
1015 81.97 59.02 27.65 146.28 16.67
1016 82.16 27.98 29.24 142.76 15.38
1017 82.27 39.84 31.45 156.52 18.04
1018 82.45 47.57 29.89 135.72 16.99
1019 82.25 51.08 28.29 137.21 16.78
1020 82.23 62.07 30.88 154.64 17.61
1021 82.30 33.94 30.16 160.33 16.64
1022 82.57 16.28 14.40 81.54 8.34
1023 82.58 19.28 19.09 113.26 10.88
1024 82.58 31.46 28.29 155.20 16.28
1025 82.66 72.72 24.42 120.16 14.12
1026 82.71 37.03 29.04 159.48 16.83
1027 82.79 64.64 29.89 143.15 17.38
1028 83.05 76.26 19.16 107.60 11.79
1029 83.22 25.11 25.83 130.84 14.13
1030 83.08 22.48 23.08 137.77 12.63
1031 83.44 42.95 27.91 138.60 17.46
1032 83.41 54.74 28.07 139.97 16.08
1033 83.56 57.99 28.49 153.78 17.45
1034 83.62 29.81 30.04 152.30 14.63
1035 83.65 60.84 28.70 150.47 18.12
1036 83.80 69.77 27.44 121.46 15.56
1037 83.86 79.10 16.77 70.49 8.58
1038 83.84 39.91 28.99 154.10 17.20
1039 83.64 51.21 27.56 143.18 17.04
1040 83.90 46.17 28.22 141.60 16.13
1041 83.88 35.34 31.48 170.79 17.78
1042 83.98 66.52 27.59 133.74 16.40
1043 84.20 27.18 25.60 146.54 14.75
1044 84.17 19.23 16.66 103.25 9.46
1045 84.36 33.04 28.80 155.64 16.41
1046 84.40 63.06 26.83 147.88 17.63
1047 84.59 16.54 10.40 53.63 6.63
1048 84.45 73.14 22.19 114.24 12.94
1049 84.59 22.29 18.94 127.75 11.15
1050 84.84 49.20 26.94 144.58 16.48
1051 84.73 37.84 32.58 174.51 16.86
1052 85.12 76.09 18.11 90.42 9.75
1053 84.98 52.65 28.86 146.93 16.54
1054 84.90 56.26 29.22 150.63 16.78
1055 85.21 43.29 28.67 146.78 16.49
1056 85.35 30.77 30.58 156.12 15.57
1057 85.34 59.78 28.09 136.33 17.45
1058 85.54 24.39 20.55 113.14 11.63
1059 85.49 68.72 26.96 132.16 15.24
1060 85.59 46.34 29.26 159.45 16.74
1061 85.65 40.12 29.45 162.10 17.38
1062 85.67 27.96 26.76 153.68 14.39
1063 85.72 63.73 29.02 151.58 17.70
1064 85.97 66.31 29.00 139.71 16.50
1065 85.83 36.36 33.33 167.97 16.79
1066 86.01 71.60 21.33 117.73 13.06
1067 85.91 20.63 15.83 93.41 8.37
1068 86.00 33.54 28.44 166.29 16.69
1069 86.34 54.31 30.42 147.94 16.00
1070 86.44 51.02 27.66 144.92 16.35
1071 86.39 57.27 28.96 151.95 17.45
1072 86.97 75.15 14.46 74.60 8.13
1073 86.73 61.63 28.59 151.48 17.63
1074 86.95 25.52 21.16 125.04 11.58
1075 86.84 41.90 30.13 153.92 17.34
1076 86.91 47.97 28.57 151.73 16.51
1077 87.01 18.86 10.96 58.27 6.31
1078 87.15 31.79 26.50 152.04 15.21
1079 87.08 38.53 31.32 169.83 17.67
1080 87.15 28.59 23.16 149.16 13.70
1081 87.35 22.58 16.64 100.20 8.88
1082 87.38 44.70 29.49 161.88 16.92
1083 87.27 35.21 30.17 158.94 16.98
1084 87.44 68.07 23.82 120.10 14.04
1085 87.44 59.00 30.56 163.82 17.69
1086 87.55 64.44 26.94 132.17 15.55
1087 87.58 71.69 19.24 110.38 10.77
1088 87.97 55.24 31.56 154.10 17.32
1089 87.98 51.74 29.75 156.52 17.42
1090 88.27 40.28 29.90 163.27 17.12
1091 88.32 47.81 26.73 153.42 17.23
1092 88.57 37.16 30.31 159.92 17.29
1093 88.69 61.22 29.10 148.87 17.11
1094 88.63 25.11 19.69 106.40 9.67
1095 88.61 28.48 23.07 134.37 12.57
1096 88.84 31.59 24.49 151.49 13.93
1097 88.74 34.41 25.99 161.00 15.86
1098 89.04 73.32 11.72 63.29 7.50
1099 88.86 43.71 31.60 157.54 17.10
1100 88.76 57.97 30.03 161.86 17.56
1101 89.03 69.91 17.68 110.55 11.03
1102 89.11 64.12 27.57 150.00 14.43
1103 89.35 66.97 23.70 126.27 13.30
1104 89.46 50.77 29.14 160.43 17.03
1105 89.57 22.35 12.72 67.92 6.70
1106 89.52 54.12 30.58 164.61 18.26
1107 89.64 40.53 30.76 164.18 18.59
1108 89.60 47.12 31.77 182.15 18.39
1109 90.19 27.87 21.71 126.37 10.49
1110 89.96 57.64 31.33 154.07 16.98
1111 90.20 37.53 28.41 155.80 17.60
1112 90.26 25.22 16.27 99.33 8.21
1113 90.42 30.76 22.15 129.33 11.54
1114 90.27 34.40 26.41 150.41 15.07
1115 90.26 61.05 28.98 154.31 15.80
1116 90.46 43.63 31.50 157.07 17.29
1117 90.71 64.44 23.96 147.16 13.82
1118 90.76 70.43 12.83 75.67 7.90
1119 90.91 47.93 29.74 150.91 17.88
1120 90.95 51.66 29.12 162.40 18.37
1121 90.99 55.02 29.99 161.78 18.10
1122 91.23 40.37 29.49 155.10 17.21
1123 91.38 66.87 20.37 123.59 10.67
1124 91.31 58.40 27.86 169.06 15.85
1125 91.85 33.49 22.02 134.20 12.61
1126 91.65 36.16 26.54 145.60 14.67
1127 91.74 61.91 22.84 142.36 13.77
1128 91.75 45.51 28.96 166.26 17.38
1129 92.20 28.00 13.11 79.09 7.64
1130 92.17 68.87 12.07 82.32 7.63
1131 92.23 31.17 18.69 123.86 9.47
1132 92.48 42.67 27.99 151.25 16.77
1133 92.24 51.11 30.66 159.60 17.65
1134 92.36 55.93 26.67 166.78 17.29
1135 92.73 38.21 28.15 139.52 14.45
1136 92.66 64.73 18.95 126.56 11.35
1137 92.80 59.37 25.69 150.36 15.29
1138 92.96 46.67 27.51 151.93 17.64
1139 93.55 62.05 20.04 133.15 12.54
1140 93.43 33.86 15.92 67.14 10.43
1141 93.47 50.63 26.13 156.78 16.35
1142 93.38 30.58 10.82 42.15 8.00
1143 93.57 54.76 27.87 148.66 16.23
1144 93.62 67.00 12.90 78.46 7.92
1145 93.84 40.46 23.07 132.65 13.31
1146 94.28 44.17 24.91 142.26 14.48
1147 94.20 58.58 24.06 142.01 13.43
1148 94.41 36.23 12.84 93.05 10.50
1149 94.33 47.69 24.99 150.65 15.95
1150 94.64 64.89 13.72 93.06 8.14
1151 94.71 52.44 27.59 166.08 16.31
1152 95.15 55.93 22.09 148.01 13.44
1153 94.96 42.00 25.03 125.53 12.64
1154 95.00 39.12 14.62 62.44 10.32
1155 95.30 61.93 17.88 125.87 9.16
1156 95.59 49.91 21.60 153.84 14.70
1157 95.93 46.72 23.83 141.82 12.61
1158 95.94 59.16 18.45 133.26 10.91
1159 95.86 43.76 17.36 92.33 10.69
1160 96.19 40.85 13.60 85.08 10.07
1161 96.39 53.79 21.39 144.45 13.28
1162 97.19 56.98 15.08 124.72 9.98
1163 97.14 50.51 17.82 134.36 10.82
1164 97.46 44.81 13.47 87.12 9.40
1165 98.07 48.39 12.47 75.48 7.08

