#<Embryo name> <Cleavage cycle> <Temporal class> <Genes>
bd3 13  - caudal even-skipped bicoid

#Quantitative data
#<Nucleus number> <A-P coordinate> <D-V coordinate> <Fluorescence intensity: channel 1 - cad, channel 2 - eve, channel 3 - bcd>
0 1.72 44.81 3.78 1.79 12.64
1 1.96 50.32 3.96 1.15 12.94
2 2.39 47.52 5.60 1.99 15.03
3 2.50 45.18 3.38 2.57 12.35
4 2.77 51.92 5.53 2.39 18.78
5 2.69 43.28 3.98 1.67 10.24
6 3.07 49.34 5.82 2.56 21.62
7 2.93 54.15 5.73 2.77 19.25
8 2.97 41.68 4.60 1.83 12.69
9 3.59 44.04 6.03 1.90 22.64
10 3.33 46.59 5.98 1.81 15.12
11 3.76 38.75 5.05 1.86 17.53
12 3.88 51.10 5.56 2.85 18.03
13 4.20 40.50 5.89 2.12 17.16
14 3.89 53.33 6.38 2.67 18.67
15 3.80 55.16 5.10 2.36 19.69
16 4.68 47.56 9.99 4.78 40.27
17 4.57 42.83 7.57 3.20 26.78
18 5.12 56.16 8.32 3.78 32.57
19 5.69 51.40 14.39 6.44 58.01
20 5.30 35.10 5.13 2.28 16.73
21 5.64 37.08 7.09 3.43 27.71
22 6.02 44.26 16.50 7.39 68.58
23 5.36 38.62 7.79 2.81 28.84
24 6.51 40.22 14.11 6.09 55.04
25 5.81 33.41 5.42 1.93 17.12
26 5.93 61.62 5.76 1.96 19.95
27 7.05 61.12 8.50 3.44 30.55
28 6.57 36.05 6.92 2.89 17.47
29 7.08 47.64 25.04 12.26 115.68
30 6.55 58.63 7.45 4.18 23.00
31 7.15 56.07 17.18 7.88 72.54
32 7.89 32.05 7.77 3.20 24.53
33 7.10 64.45 5.45 2.03 14.97
34 7.80 51.96 25.66 12.65 122.30
35 7.21 33.88 6.02 2.61 18.02
36 8.16 37.27 18.83 8.66 72.32
37 8.84 46.91 30.38 16.87 139.00
38 8.67 41.99 29.42 15.91 133.72
39 8.59 59.05 20.98 9.37 84.02
40 8.65 63.69 8.58 3.57 30.29
41 8.54 67.26 4.66 2.38 15.25
42 9.70 56.04 30.95 16.40 145.08
43 9.25 27.13 5.51 1.85 14.61
44 9.77 30.22 9.48 4.23 30.61
45 9.94 62.24 20.55 8.83 71.12
46 9.92 35.17 22.34 10.83 85.88
47 9.79 52.09 34.62 20.66 168.70
48 9.40 68.08 5.44 2.83 12.65
49 10.50 39.89 34.60 19.33 150.22
50 10.10 44.86 33.88 21.65 183.15
51 10.69 66.15 11.58 5.08 33.35
52 10.00 68.35 5.67 2.73 12.97
53 10.15 26.93 5.38 2.28 17.64
54 10.87 48.30 38.97 21.64 185.11
55 10.90 44.04 36.70 22.60 179.52
56 10.59 68.86 6.45 3.24 14.61
57 10.83 26.57 6.79 2.84 17.13
58 11.40 31.79 24.04 12.12 85.32
59 11.50 58.18 35.97 21.14 166.69
60 11.66 54.11 36.26 23.68 189.77
61 11.74 62.17 29.44 15.50 118.11
62 11.95 38.33 37.79 22.17 168.25
63 11.63 69.53 8.17 3.55 21.25
64 12.19 50.65 38.53 25.11 181.93
65 12.52 34.40 33.17 18.85 131.92
66 11.66 25.46 7.25 3.08 20.75
67 12.47 71.54 7.77 3.42 17.40
68 12.56 45.13 37.00 22.24 157.43
69 12.74 28.93 20.39 9.01 59.80
70 12.67 66.78 19.54 8.88 57.56
71 12.30 41.62 26.74 12.90 79.03
72 13.04 24.97 9.80 4.39 24.16
73 13.17 56.73 41.71 25.28 181.51
74 13.44 62.15 37.68 22.30 154.74
75 13.00 53.56 30.97 14.73 87.20
76 13.50 73.61 7.51 3.32 13.53
77 13.92 42.25 43.19 27.94 183.77
78 13.77 38.59 39.64 24.08 164.15
79 13.93 49.85 40.17 26.79 173.03
80 14.20 65.73 35.74 18.09 127.68
81 14.54 53.87 37.96 25.01 162.19
82 14.24 71.45 12.01 5.77 28.08
83 14.46 59.23 41.26 25.18 176.39
84 15.11 36.07 39.55 25.25 151.82
85 14.56 32.37 39.43 24.30 153.60
86 14.82 28.18 28.96 16.03 90.51
87 14.89 45.88 41.78 26.71 177.21
88 14.79 24.13 12.40 5.72 32.75
89 14.42 21.35 6.80 2.88 10.88
90 15.21 74.92 9.16 3.91 16.18
91 15.32 69.34 25.74 13.84 68.98
92 15.68 62.98 39.39 25.24 149.26
93 15.39 20.78 6.97 3.59 14.35
94 15.35 57.01 33.13 16.64 76.16
95 15.97 41.77 41.32 26.30 161.52
96 16.05 49.63 42.13 26.54 158.05
97 16.79 55.55 41.43 26.51 155.96
98 16.46 30.39 37.50 22.92 130.03
99 16.52 66.66 42.04 26.54 154.54
100 16.56 25.19 27.26 15.17 76.48
101 16.76 58.78 42.47 27.77 167.80
102 15.82 53.78 27.75 18.00 61.00
103 16.63 20.47 8.84 3.97 15.21
104 16.57 76.93 8.40 4.38 15.98
105 17.00 38.62 45.25 29.98 169.21
106 17.17 45.40 43.45 27.91 160.97
107 17.20 34.95 44.25 29.36 158.64
108 17.50 70.75 31.26 19.64 86.74
109 17.12 74.20 18.44 10.10 37.09
110 17.43 52.45 44.40 28.85 170.38
111 17.03 79.01 7.10 3.02 10.28
112 17.61 61.91 43.26 31.08 160.14
113 17.86 22.05 20.13 10.78 44.60
114 18.55 18.50 11.06 4.89 19.27
115 19.05 33.00 46.39 30.82 139.10
116 18.44 41.71 44.30 30.17 155.66
117 18.16 30.15 46.70 32.78 159.50
118 18.56 49.21 42.62 27.69 143.52
119 18.15 66.13 44.70 31.19 158.92
120 18.49 26.81 39.43 26.99 129.75
121 18.10 79.86 8.13 4.06 12.65
122 18.78 77.35 15.16 8.05 25.28
123 19.27 58.85 43.59 27.46 141.92
124 19.25 37.49 45.51 31.40 146.05
125 18.69 81.19 6.26 3.21 8.09
126 19.42 74.45 33.76 20.95 78.70
127 19.44 54.53 43.36 31.02 149.76
128 19.42 63.42 43.63 30.86 147.37
129 18.81 45.48 32.27 16.37 58.00
130 19.47 68.40 47.61 35.63 151.72
131 19.54 23.49 35.29 24.15 91.74
132 18.91 71.24 27.11 13.43 41.64
133 20.08 43.64 47.51 34.12 150.02
134 20.65 47.71 45.85 31.34 135.52
135 19.60 80.03 10.68 4.91 13.20
136 20.49 19.77 25.27 15.25 51.60
137 20.41 71.41 46.63 37.26 136.92
138 20.44 27.35 51.54 37.18 150.48
139 20.94 30.93 51.34 39.22 147.05
140 20.58 82.08 9.44 5.38 11.47
141 20.29 15.26 7.06 3.64 13.81
142 21.11 39.67 48.79 37.29 144.21
143 20.96 51.72 46.88 32.26 142.32
144 20.65 17.00 14.03 7.23 24.30
145 21.01 79.53 17.69 10.98 28.88
146 20.95 34.82 54.13 38.44 161.08
147 20.77 60.93 35.45 18.11 61.76
148 21.36 75.95 34.45 24.00 73.39
149 21.30 57.29 47.88 35.69 147.92
150 21.44 63.95 48.97 34.71 145.19
151 21.38 67.44 51.15 40.07 154.05
152 21.55 23.36 40.81 30.45 104.23
153 21.29 15.88 12.91 5.92 18.51
154 21.55 83.58 7.41 4.09 9.16
155 22.19 14.81 12.14 6.97 15.72
156 22.08 44.28 53.65 39.31 152.90
157 22.05 71.31 49.52 38.82 134.36
158 21.83 85.13 6.35 3.12 7.29
159 22.53 60.53 48.18 34.92 134.05
160 22.43 18.82 33.54 21.61 63.83
161 22.21 27.49 51.55 41.41 140.24
162 22.68 53.06 50.49 37.02 141.12
163 22.48 82.30 13.88 9.03 16.71
164 22.44 36.28 58.05 46.32 169.20
165 23.01 32.92 51.16 40.64 131.55
166 23.09 48.68 52.41 42.21 138.99
167 22.64 56.10 38.79 18.86 63.08
168 22.44 40.97 38.18 21.11 63.78
169 23.06 74.48 48.38 40.82 122.48
170 23.15 68.16 47.98 41.04 133.22
171 23.37 78.38 39.42 31.78 80.97
172 23.62 38.70 55.56 42.73 140.27
173 23.53 84.82 9.71 6.26 9.30
174 23.43 24.11 53.47 46.64 131.58
175 23.51 29.46 61.33 53.37 153.76
176 23.74 42.98 54.23 45.55 143.94
177 23.87 64.02 50.35 38.71 128.05
178 23.95 20.96 43.24 37.52 94.38
179 23.48 12.77 9.45 4.75 11.76
180 23.42 57.19 36.66 16.47 50.14
181 24.20 16.61 27.39 19.59 39.49
182 24.36 81.55 26.49 21.13 38.77
183 24.30 26.31 50.46 46.25 108.37
184 24.66 46.85 56.89 47.42 136.22
185 24.43 72.49 47.29 43.21 122.31
186 24.58 55.83 53.14 43.37 134.64
187 24.78 60.05 50.64 39.00 116.90
188 24.05 87.45 6.01 4.18 6.06
189 24.41 13.22 12.62 8.67 14.19
190 24.79 51.88 53.37 42.39 133.31
191 24.87 32.45 56.65 51.22 136.56
192 25.16 36.13 55.75 51.22 128.24
193 24.56 11.09 8.24 4.49 7.20
194 24.91 68.44 53.26 45.42 129.36
195 25.03 86.77 9.86 6.62 9.76
196 25.32 76.22 47.59 45.71 102.41
197 24.78 88.32 6.94 4.90 6.86
198 25.42 41.31 56.24 47.77 125.98
199 24.85 78.89 24.81 19.56 34.06
200 25.29 84.42 16.63 14.33 18.50
201 25.21 29.33 61.53 64.37 146.64
202 25.71 19.85 45.11 42.57 82.76
203 25.57 23.14 49.92 53.70 95.48
204 25.28 10.27 8.02 4.07 7.59
205 26.59 50.51 53.32 41.92 105.56
206 25.88 64.79 51.95 43.38 119.03
207 25.84 26.99 52.23 55.36 95.85
208 26.02 15.50 29.89 24.77 40.74
209 26.15 12.45 14.91 8.95 14.11
210 26.12 80.66 43.14 41.95 77.04
211 26.28 71.24 51.30 49.41 115.18
212 26.56 44.79 56.94 50.98 125.91
213 26.32 56.54 49.23 36.58 91.94
214 26.36 24.99 51.26 55.42 101.58
215 26.01 88.84 8.55 5.11 5.30
216 26.37 10.82 10.82 7.12 12.99
217 26.38 46.96 58.02 45.67 104.88
218 26.66 29.81 59.68 59.44 109.68
219 26.87 39.18 57.98 54.06 126.96
220 26.81 84.52 21.50 18.69 24.62
221 26.89 34.74 58.55 55.42 122.65
222 27.43 62.07 48.72 38.98 93.00
223 27.17 77.53 49.39 52.05 103.39
224 26.72 74.19 31.63 19.25 40.16
225 26.79 88.33 8.62 6.62 7.21
226 27.45 67.03 54.07 48.63 114.49
227 27.08 89.95 6.76 5.14 5.67
228 27.40 18.49 49.11 51.01 80.86
229 27.55 31.87 59.95 64.83 104.24
230 27.74 22.02 45.05 50.51 75.23
231 27.36 55.58 51.11 37.49 105.41
232 27.27 11.24 12.91 6.43 11.43
233 27.26 9.15 8.65 4.33 5.38
234 28.02 14.58 32.88 28.20 37.92
235 27.65 26.66 50.88 48.63 83.03
236 27.82 24.45 55.68 76.26 93.58
237 28.10 71.79 53.03 50.24 107.70
238 28.59 75.19 53.67 52.94 100.96
239 27.90 86.94 16.65 13.42 15.86
240 28.15 44.85 57.16 51.74 110.99
241 28.41 58.28 60.60 53.42 124.23
242 28.26 81.22 48.86 51.35 78.01
243 27.97 8.12 7.16 3.22 5.84
244 28.21 10.89 15.22 10.53 12.74
245 27.89 89.62 8.13 4.85 5.62
246 28.28 28.89 63.52 76.63 113.22
247 28.56 39.88 62.13 57.64 115.54
248 28.13 91.41 6.06 4.36 4.11
249 28.60 50.70 59.93 55.35 116.29
250 28.77 35.21 61.91 60.69 112.27
251 29.15 54.75 57.83 49.29 111.62
252 29.22 85.29 31.76 31.02 36.15
253 28.72 89.13 11.24 8.21 8.08
254 29.05 19.06 56.21 58.68 86.20
255 28.94 9.33 10.13 7.40 9.46
256 29.41 67.92 55.60 51.40 103.27
257 29.20 78.49 58.41 60.99 100.40
258 30.01 64.24 54.04 50.92 95.52
259 29.36 23.99 63.10 69.35 88.03
260 29.54 32.17 64.03 65.67 117.25
261 29.66 26.76 61.82 69.52 93.64
262 29.73 47.58 63.42 59.51 115.50
263 29.66 13.10 33.07 26.87 33.59
264 29.68 29.33 70.71 79.40 119.83
265 29.97 42.89 62.30 64.21 110.16
266 29.91 60.20 60.15 57.41 112.31
267 29.63 89.38 12.61 11.17 9.25
268 30.20 71.29 56.85 55.88 101.19
269 29.82 8.23 9.50 7.54 7.18
270 30.22 82.13 47.95 51.91 70.53
271 30.31 37.99 63.03 65.09 107.49
272 30.10 15.10 38.15 36.89 39.27
273 30.19 22.04 56.06 60.27 71.35
274 29.98 77.52 51.52 63.29 92.62
275 30.68 17.74 58.83 64.94 85.39
276 31.47 49.48 61.29 56.36 90.54
277 31.01 53.67 61.42 55.31 95.75
278 31.09 74.35 52.20 57.17 86.17
279 31.07 10.89 21.02 18.17 16.24
280 31.22 34.67 63.17 68.11 102.78
281 30.38 57.01 43.54 28.21 42.87
282 30.63 75.99 55.44 58.38 90.08
283 30.55 89.09 14.04 8.93 10.62
284 31.11 86.40 30.79 30.27 31.10
285 30.94 8.64 13.15 8.01 7.85
286 30.93 90.79 12.21 8.86 8.10
287 31.09 30.14 61.48 69.34 85.00
288 31.27 25.89 65.43 68.66 86.16
289 30.86 79.34 62.83 66.35 95.19
290 31.51 44.77 62.61 60.86 99.30
291 31.49 58.47 61.28 63.65 105.01
292 31.55 20.48 70.29 85.51 78.54
293 31.75 40.65 71.03 73.82 110.19
294 31.29 92.18 9.27 6.86 5.14
295 31.36 61.43 44.57 31.43 40.91
296 31.63 79.16 54.56 66.33 91.18
297 31.92 14.13 53.80 51.66 55.21
298 32.13 63.79 62.40 62.85 95.27
299 32.15 67.38 59.72 59.86 90.43
300 32.15 23.36 71.00 78.03 98.47
301 32.36 89.79 16.18 14.86 11.57
302 32.26 71.18 60.51 62.35 96.80
303 32.27 82.54 55.98 61.92 77.54
304 32.12 92.62 9.44 5.87 4.96
305 32.53 31.68 68.51 72.61 99.60
306 32.78 77.17 57.82 60.98 83.32
307 32.80 17.42 60.91 66.41 71.84
308 32.75 27.73 68.77 77.00 97.96
309 33.04 56.65 67.73 67.16 95.62
310 32.92 10.38 24.06 21.76 18.96
311 33.02 52.92 70.73 70.76 104.69
312 32.82 94.42 7.61 4.76 4.64
313 33.12 38.44 69.53 72.97 100.59
314 33.03 86.02 46.26 46.07 45.82
315 32.70 7.01 9.46 8.08 5.94
316 33.25 60.69 66.05 70.33 99.98
317 33.06 46.45 69.41 67.23 101.78
318 33.33 35.12 69.66 70.72 93.32
319 33.60 42.29 66.73 68.64 88.95
320 33.73 73.61 54.17 55.57 76.17
321 33.48 22.44 66.84 68.10 79.14
322 33.55 92.65 10.55 8.26 6.28
323 33.59 14.15 44.92 44.07 40.24
324 33.65 7.49 13.03 9.13 7.02
325 33.92 81.78 58.61 61.39 75.40
326 33.97 90.57 18.56 16.12 12.98
327 34.30 68.53 62.46 63.22 81.54
328 34.25 64.25 64.93 68.80 87.16
329 34.23 29.06 75.90 83.86 94.73
330 34.38 18.79 67.68 73.60 75.63
331 34.51 87.62 42.41 37.97 36.11
332 34.67 32.11 74.02 76.90 89.82
333 34.30 94.01 8.25 5.50 4.11
334 34.69 25.77 72.68 77.76 85.96
335 34.74 78.50 61.06 67.38 84.70
336 34.45 13.62 58.49 55.36 47.42
337 35.05 59.49 66.49 66.78 83.73
338 34.51 8.07 16.11 13.26 9.58
339 34.72 46.16 72.94 78.84 94.03
340 34.81 55.27 71.41 74.19 93.38
341 35.28 38.76 70.54 74.83 81.57
342 34.63 92.02 12.61 8.51 6.49
343 35.37 10.47 33.72 30.17 22.09
344 35.29 35.31 77.14 76.96 83.68
345 35.20 21.86 80.81 85.09 93.88
346 35.44 84.35 52.27 49.83 55.47
347 35.70 71.45 66.03 64.07 81.74
348 35.46 75.19 66.98 69.59 82.65
349 35.38 42.53 76.87 77.18 94.80
350 35.29 5.63 9.44 5.79 4.69
351 35.39 94.97 7.94 5.60 4.06
352 35.73 15.87 64.84 66.08 57.94
353 35.88 51.89 68.94 74.08 83.64
354 36.13 89.46 32.37 26.89 21.24
355 35.75 92.51 13.60 9.90 7.27
356 36.35 27.81 72.20 75.48 74.27
357 36.09 64.47 74.82 76.47 93.32
358 36.25 30.86 67.79 59.27 64.26
359 36.51 68.00 70.50 71.62 81.38
360 36.33 47.77 70.74 71.09 80.89
361 36.54 23.69 76.26 77.88 73.56
362 36.67 61.04 67.32 69.23 77.58
363 36.73 19.46 74.75 76.01 69.06
364 36.52 79.70 63.94 69.20 77.84
365 36.43 6.48 14.06 9.72 7.35
366 36.65 56.56 70.96 70.74 81.24
367 37.41 34.36 76.53 73.49 71.25
368 36.87 94.36 9.46 6.71 4.65
369 37.34 14.07 62.74 58.33 40.86
370 37.42 37.91 72.92 69.15 67.68
371 36.61 8.10 20.16 15.59 12.24
372 36.88 42.42 79.12 75.59 80.75
373 37.25 83.23 59.90 61.96 67.03
374 37.30 10.07 35.36 30.21 19.31
375 37.32 75.94 62.44 64.04 68.50
376 36.86 92.02 16.32 13.62 8.30
377 37.53 87.15 52.22 46.46 43.14
378 37.09 31.48 79.65 82.46 78.87
379 37.47 71.87 70.08 69.35 81.42
380 37.94 50.22 78.69 70.37 75.76
381 37.75 53.54 78.07 80.27 82.00
382 37.41 5.22 11.05 7.11 5.30
383 38.04 45.49 72.83 70.91 75.42
384 38.15 65.06 68.02 63.24 67.91
385 37.95 25.72 81.98 81.58 72.22
386 37.52 7.33 13.75 11.35 6.78
387 38.47 60.99 71.67 66.53 68.74
388 38.19 95.91 7.69 4.35 3.60
389 38.36 30.28 76.26 69.60 67.91
390 38.56 18.53 74.22 71.42 58.23
391 38.38 41.33 80.60 74.31 73.47
392 38.39 91.33 22.62 17.81 12.04
393 38.46 79.74 66.04 64.39 68.48
394 38.67 22.19 81.48 80.40 67.98
395 38.24 47.38 68.56 64.37 56.19
396 38.52 56.65 77.42 74.12 77.64
397 38.59 69.13 75.16 73.92 80.11
398 38.27 4.84 10.88 6.59 4.55
399 38.33 6.69 12.64 8.85 3.72
400 39.08 84.65 61.22 58.43 55.45
401 39.05 73.42 75.56 76.44 74.82
402 39.21 7.49 19.20 15.98 8.72
403 39.17 11.13 45.27 38.87 23.32
404 38.71 94.13 11.51 6.48 4.23
405 39.28 88.67 49.12 41.10 32.20
406 39.23 15.57 84.06 83.32 61.08
407 39.47 35.09 76.11 73.04 63.97
408 39.43 26.20 75.56 72.88 63.75
409 39.67 76.61 73.36 65.56 71.29
410 39.22 4.40 9.56 6.99 4.01
411 39.82 50.12 82.34 76.41 70.18
412 39.38 53.23 49.45 32.04 26.63
413 39.79 40.81 83.13 72.87 67.65
414 39.91 66.83 73.87 65.63 70.98
415 39.94 46.67 86.89 82.18 79.52
416 39.82 31.06 81.08 78.59 67.35
417 39.92 58.61 84.92 79.78 77.29
418 39.74 94.37 14.24 8.28 6.61
419 40.11 92.94 16.43 10.99 6.54
420 39.33 42.63 45.00 35.00 44.00
421 40.10 80.30 75.00 69.51 68.55
422 40.35 70.71 75.28 72.29 72.11
423 40.56 55.24 84.77 75.85 73.91
424 40.10 5.29 11.67 8.53 4.77
425 40.35 21.40 88.31 83.09 65.02
426 40.56 38.41 90.12 81.23 71.92
427 40.52 61.86 77.58 63.97 68.67
428 40.69 14.21 75.53 66.01 43.77
429 40.71 8.29 28.90 22.88 12.85
430 40.82 83.51 75.68 66.80 65.53
431 40.91 17.95 88.98 88.32 62.87
432 40.94 90.48 38.04 26.88 19.64
433 41.09 86.67 59.54 47.70 44.88
434 40.89 27.26 85.15 77.76 60.18
435 41.13 44.04 82.77 76.00 65.97
436 41.08 64.92 86.04 76.84 77.29
437 41.18 73.86 73.98 65.93 65.82
438 40.96 96.27 8.93 5.63 3.21
439 41.47 23.73 102.26 94.18 70.00
440 41.44 52.31 89.84 76.94 71.52
441 41.30 32.12 83.66 80.82 61.13
442 41.33 4.90 12.08 7.35 4.83
443 41.50 35.80 80.55 65.62 54.30
444 41.54 77.58 81.10 73.87 73.31
445 42.12 67.94 73.31 60.68 60.13
446 41.83 48.14 88.68 76.28 62.57
447 41.45 93.87 15.23 10.25 6.31
448 42.04 11.20 69.15 51.42 30.92
449 41.87 58.02 86.00 65.10 64.24
450 42.20 41.06 85.16 72.93 62.05
451 42.16 80.60 72.63 59.96 56.58
452 42.17 20.95 94.80 94.15 47.35
453 42.41 6.08 15.96 10.36 5.61
454 42.51 28.98 90.11 80.57 61.57
455 42.27 37.94 76.49 70.43 53.00
456 42.34 62.95 87.43 70.82 66.69
457 42.52 8.62 38.16 29.87 14.84
458 42.76 15.11 81.03 70.42 45.72
459 42.28 96.02 10.40 6.05 4.05
460 42.71 71.19 87.65 70.59 72.42
461 42.79 25.57 94.60 86.07 61.49
462 42.62 90.23 46.18 30.62 22.80
463 42.65 18.20 100.84 85.27 58.01
464 42.94 83.36 81.55 66.21 59.11
465 42.50 93.35 16.71 10.48 7.58
466 42.74 75.07 79.83 61.39 60.62
467 42.96 86.79 70.10 52.38 47.04
468 42.91 3.42 9.06 6.52 2.59
469 43.23 51.68 85.78 68.91 61.13
470 43.33 35.63 88.86 74.64 56.57
471 43.04 45.22 90.50 72.10 60.12
472 43.27 54.96 87.59 72.04 61.62
473 43.19 32.26 89.90 74.90 57.39
474 43.84 77.79 80.18 63.92 59.10
475 43.47 59.05 84.00 66.57 62.02
476 43.37 18.56 85.48 80.10 55.64
477 43.76 22.88 95.53 85.28 44.52
478 43.84 11.40 73.93 58.39 31.98
479 44.04 49.05 94.34 73.15 62.25
480 43.50 94.15 12.01 6.93 4.13
481 43.66 39.57 82.51 60.25 50.76
482 43.86 63.49 79.73 60.59 57.03
483 43.64 74.92 62.31 48.95 48.28
484 43.56 96.80 9.12 3.62 2.71
485 43.66 5.62 15.44 8.41 4.37
486 44.03 68.50 81.75 54.58 51.97
487 44.41 7.78 35.25 22.22 10.44
488 44.18 90.60 41.18 24.57 17.31
489 44.30 28.30 96.68 80.36 55.15
490 44.19 72.60 91.36 66.51 64.38
491 44.68 42.58 98.81 72.89 61.14
492 44.43 81.01 82.93 60.50 58.26
493 44.41 19.26 89.91 74.90 50.51
494 44.27 97.75 8.08 3.90 3.12
495 44.48 85.32 76.43 55.13 48.02
496 44.34 4.80 14.40 9.86 4.45
497 44.32 14.92 73.88 59.14 34.74
498 44.59 39.74 85.08 63.68 50.44
499 44.54 94.23 16.51 10.35 5.57
500 44.89 45.77 97.52 73.16 60.27
501 45.05 32.73 88.48 63.60 45.43
502 44.60 25.39 89.42 73.04 50.62
503 45.20 54.72 87.66 65.26 53.28
504 45.13 36.11 100.21 73.73 56.57
505 44.98 59.16 94.22 70.49 61.52
506 44.69 2.87 9.48 5.54 2.56
507 44.98 69.01 76.22 52.47 54.66
508 45.26 50.01 81.44 59.16 47.74
509 45.36 66.11 94.47 64.41 61.33
510 45.19 14.00 88.18 71.43 40.81
511 45.42 24.76 99.13 77.38 52.29
512 45.36 30.96 85.85 69.70 51.32
513 45.59 76.82 79.28 54.43 50.60
514 45.28 95.65 11.30 5.84 2.89
515 45.76 62.75 94.28 58.71 55.85
516 45.21 5.00 12.46 5.87 4.09
517 45.87 87.16 65.57 43.18 35.45
518 45.50 97.93 8.20 3.39 2.88
519 45.90 17.92 96.31 76.37 45.71
520 45.46 21.78 97.87 69.50 49.24
521 45.58 72.54 88.74 60.43 55.50
522 45.79 82.72 85.24 57.33 53.72
523 45.78 91.58 36.10 19.94 11.26
524 45.89 8.48 42.99 25.16 13.91
525 46.54 11.03 74.88 49.63 27.32
526 46.21 27.84 93.28 72.06 50.85
527 46.01 50.61 97.15 73.83 53.51
528 46.20 38.37 102.65 69.80 46.83
529 46.22 4.97 14.22 9.41 4.69
530 46.17 2.19 9.84 3.87 3.05
531 46.84 79.37 88.69 55.56 53.44
532 46.23 12.52 81.85 52.96 29.15
533 46.64 41.81 96.15 66.47 48.82
534 46.48 46.35 93.43 66.69 53.94
535 46.72 95.27 14.67 7.36 4.32
536 46.57 69.54 90.05 56.85 54.44
537 46.35 22.10 91.03 72.19 46.77
538 46.77 59.57 91.62 56.10 50.97
539 46.96 56.28 91.87 61.45 51.96
540 46.97 14.82 101.30 71.72 42.76
541 46.43 97.94 9.33 3.86 2.83
542 46.88 31.36 98.29 66.91 48.09
543 46.48 35.36 87.73 57.78 45.07
544 47.10 51.58 96.62 66.09 49.95
545 47.01 53.33 91.80 65.80 48.73
546 47.21 73.80 87.30 56.07 51.89
547 46.71 3.41 12.63 5.55 3.21
548 47.23 66.03 95.31 61.41 54.58
549 46.76 6.52 19.68 11.14 4.54
550 47.17 25.16 95.00 63.82 40.07
551 47.40 89.63 64.62 35.48 25.11
552 47.12 38.56 97.32 65.30 52.58
553 47.52 82.67 86.20 52.94 46.88
554 47.30 34.98 96.43 62.75 47.63
555 47.18 1.73 8.93 4.18 2.23
556 47.87 48.90 91.74 59.53 43.57
557 47.40 18.94 105.15 71.83 44.64
558 47.58 62.66 98.98 58.86 53.24
559 47.75 85.88 86.76 51.88 43.28
560 47.70 93.04 28.49 13.68 7.98
561 47.67 98.19 8.42 3.04 2.08
562 47.81 22.48 110.53 72.68 44.84
563 47.88 43.77 102.29 70.24 49.36
564 47.45 4.17 13.73 5.62 2.81
565 48.07 8.28 42.01 22.08 11.77
566 48.23 76.58 97.67 56.21 54.54
567 48.31 29.53 92.75 61.18 44.06
568 48.21 70.28 92.56 53.25 45.52
569 48.38 1.95 9.15 4.07 2.18
570 48.33 11.51 86.75 48.53 27.08
571 48.13 25.54 101.24 70.71 50.79
572 48.51 39.46 93.63 57.33 43.93
573 48.12 3.80 13.87 5.76 4.30
574 48.68 5.44 18.16 9.55 5.61
575 48.44 16.47 105.30 62.45 39.43
576 48.59 54.20 96.20 59.17 48.40
577 48.60 34.48 102.32 65.09 47.63
578 48.73 58.69 96.95 54.32 48.72
579 48.49 96.95 9.27 4.23 3.27
580 48.96 79.97 90.24 52.36 45.73
581 48.68 13.06 81.11 50.48 27.64
582 48.55 21.22 75.10 45.12 38.26
583 49.15 67.06 98.81 57.18 51.07
584 49.21 45.04 98.36 60.61 46.04
585 49.10 63.01 96.15 54.14 47.27
586 49.18 87.68 73.48 37.64 31.41
587 48.79 94.62 13.56 5.60 4.32
588 48.82 48.34 83.63 57.04 43.91
589 49.40 74.11 88.84 49.17 47.30
590 49.65 83.37 82.10 45.49 38.79
591 49.30 92.27 34.86 17.00 9.59
592 49.04 3.51 12.91 5.25 2.98
593 49.69 50.78 100.59 58.38 45.25
594 49.20 15.83 88.88 56.41 43.34
595 49.57 26.38 108.09 64.04 45.93
596 49.89 19.51 106.43 62.20 41.26
597 50.12 22.68 102.88 60.32 39.79
598 50.00 31.38 104.48 63.06 42.33
599 49.70 1.80 8.06 3.79 2.01
600 49.96 7.19 32.37 15.73 7.39
601 50.01 70.66 105.12 54.30 51.32
602 50.11 12.92 101.57 52.59 33.09
603 50.16 35.75 111.45 64.95 46.26
604 50.20 56.64 103.86 55.67 47.57
605 49.69 39.44 96.77 54.34 40.93
606 49.84 4.10 12.47 5.64 2.88
607 50.36 77.82 98.13 55.11 47.23
608 50.74 47.03 108.89 60.46 47.45
609 50.66 60.30 102.14 50.89 44.80
610 50.40 42.63 101.16 51.36 40.21
611 50.82 16.41 107.60 56.89 36.60
612 50.35 95.13 16.38 7.84 3.92
613 50.58 64.25 104.85 55.23 45.94
614 50.59 89.94 66.70 28.45 21.48
615 50.48 54.11 98.55 44.53 35.10
616 50.57 39.42 103.59 61.44 43.26
617 50.93 3.60 11.89 4.54 2.68
618 50.99 28.05 110.07 59.66 43.68
619 50.72 93.63 22.97 8.84 5.65
620 50.75 1.59 8.40 3.65 2.39
621 51.18 10.39 85.78 39.46 21.39
622 51.25 85.45 81.91 41.06 33.66
623 51.23 67.94 100.72 55.29 45.21
624 51.28 81.49 96.01 49.98 43.60
625 50.65 96.90 9.66 2.86 3.26
626 51.25 43.94 102.45 59.68 41.60
627 51.19 73.93 102.44 52.46 46.26
628 51.49 50.26 110.24 55.82 44.89
629 51.49 54.17 93.93 53.77 42.85
630 51.43 33.78 106.24 51.37 39.78
631 51.62 6.87 32.43 14.61 7.86
632 51.83 24.01 108.10 56.12 38.54
633 51.38 96.20 11.74 4.15 2.30
634 52.23 37.52 104.28 48.84 39.55
635 52.08 19.14 113.29 56.08 39.30
636 52.12 71.17 105.95 52.79 46.84
637 51.86 40.59 110.99 57.95 42.90
638 51.87 1.86 9.61 3.55 2.43
639 51.95 77.02 111.90 55.02 47.33
640 52.19 88.92 68.09 28.63 22.27
641 52.35 14.14 104.16 51.43 31.60
642 52.25 58.11 108.06 54.05 44.94
643 52.13 63.67 103.83 51.35 43.66
644 52.36 29.87 108.40 50.59 40.46
645 52.72 47.13 110.50 56.84 41.08
646 52.54 41.60 107.05 54.55 40.64
647 52.26 33.89 93.21 49.70 39.50
648 53.23 43.83 108.29 51.86 39.27
649 52.33 4.16 12.99 4.90 3.44
650 52.79 79.88 115.13 54.02 46.53
651 52.68 26.65 63.15 25.79 20.08
652 53.04 51.53 108.64 54.70 43.02
653 52.55 10.45 72.88 32.41 16.24
654 53.02 67.05 102.20 49.79 41.61
655 53.35 82.89 95.51 41.02 34.77
656 53.50 55.06 106.04 49.14 40.14
657 53.15 85.70 105.44 43.42 36.23
658 53.36 73.97 109.54 49.51 42.10
659 53.34 21.46 127.40 62.51 39.74
660 53.42 61.08 116.75 54.46 44.09
661 53.22 6.36 24.96 10.77 5.31
662 53.03 3.18 11.25 4.25 2.31
663 53.41 33.60 115.35 54.15 41.02
664 53.42 17.71 112.64 44.88 30.96
665 53.69 77.20 105.39 46.18 39.70
666 53.49 94.05 19.50 6.92 4.18
667 53.36 10.15 71.95 29.21 15.48
668 53.82 24.76 118.24 55.80 37.37
669 53.86 70.54 117.95 56.20 44.80
670 53.85 88.82 74.91 28.22 23.61
671 53.96 29.06 122.87 54.72 41.83
672 54.10 14.66 112.86 45.54 29.08
673 54.25 40.33 116.62 52.52 41.26
674 54.25 36.83 115.76 53.35 39.03
675 54.33 64.01 113.96 50.09 42.43
676 54.03 4.56 15.47 5.51 3.05
677 54.52 57.89 107.79 46.08 38.87
678 54.12 47.51 100.17 41.17 34.76
679 54.60 92.00 37.00 11.50 7.27
680 54.34 18.65 105.04 47.42 35.18
681 54.86 80.71 93.50 38.93 33.67
682 55.19 7.14 33.78 12.44 6.72
683 54.73 11.11 89.45 32.11 18.82
684 54.81 51.74 115.48 47.63 39.52
685 54.85 67.62 115.17 47.77 41.90
686 55.29 84.23 43.87 16.00 18.16
687 55.10 31.77 114.63 48.58 38.12
688 54.63 4.13 15.25 5.48 3.11
689 55.12 44.18 125.68 52.62 41.83
690 55.04 47.82 105.47 49.87 40.68
691 55.15 76.10 103.84 41.96 35.91
692 55.43 22.41 113.39 45.90 33.41
693 55.30 26.70 106.18 44.14 33.55
694 55.25 71.60 106.02 46.80 39.00
695 55.25 95.97 12.51 3.66 2.89
696 55.66 60.30 114.90 45.14 39.36
697 55.43 87.45 83.84 29.26 24.50
698 55.58 16.14 112.69 45.07 30.26
699 55.93 54.36 117.74 45.75 40.50
700 55.99 35.23 126.40 49.86 38.22
701 56.28 38.53 116.23 44.31 35.03
702 55.65 73.17 111.48 37.49 31.66
703 56.35 41.69 122.12 47.89 37.28
704 56.15 63.63 111.46 41.00 37.77
705 56.33 49.70 108.92 40.69 35.38
706 56.18 92.54 34.63 9.83 5.61
707 56.38 67.95 109.40 43.20 37.36
708 56.34 10.75 92.89 29.59 16.37
709 56.65 20.28 123.72 47.13 32.91
710 56.24 79.25 51.36 19.44 20.42
711 56.93 82.05 98.99 35.30 30.93
712 56.53 5.53 16.60 4.99 3.78
713 56.82 45.18 121.06 43.91 36.90
714 56.36 30.67 98.03 36.31 28.99
715 56.63 75.98 111.53 41.85 38.07
716 57.01 89.82 63.24 19.80 14.18
717 57.29 13.97 103.51 36.81 24.00
718 56.74 57.09 123.47 43.02 34.51
719 56.89 26.02 120.89 45.52 34.65
720 57.06 71.52 108.68 39.56 36.02
721 57.10 86.08 101.80 33.54 27.73
722 57.42 17.55 121.55 41.08 31.41
723 57.63 94.03 17.56 5.45 3.74
724 57.42 59.92 115.56 39.60 34.05
725 57.20 31.23 103.70 38.28 30.36
726 57.63 64.98 113.81 38.94 36.28
727 57.50 56.10 115.76 44.44 36.83
728 57.81 9.43 60.50 18.73 11.10
729 57.80 48.02 128.08 48.09 37.51
730 57.81 53.23 110.50 39.02 32.80
731 58.22 79.87 106.58 34.07 31.35
732 58.01 35.21 122.43 43.49 36.95
733 58.54 23.77 119.07 39.74 30.87
734 57.61 4.34 12.88 2.82 2.57
735 58.19 39.13 127.80 42.22 34.10
736 57.69 41.83 66.00 17.15 23.67
737 58.14 76.67 121.90 40.21 38.83
738 58.31 6.43 23.61 6.42 4.14
739 58.55 73.01 112.55 35.53 33.76
740 58.44 68.27 114.31 37.32 34.46
741 58.19 27.64 142.85 47.05 34.04
742 58.64 44.40 126.68 42.14 34.60
743 58.75 20.72 119.32 37.84 32.95
744 58.67 30.70 119.18 38.97 32.86
745 58.73 62.04 129.25 39.79 36.21
746 58.71 84.45 104.38 30.65 26.64
747 58.91 87.99 86.53 23.26 21.45
748 58.95 50.55 127.92 42.16 35.43
749 59.10 91.24 43.04 10.99 8.16
750 58.62 3.92 12.61 3.93 1.72
751 59.12 58.17 117.04 35.77 33.99
752 59.16 11.35 96.43 26.70 15.54
753 59.31 17.63 132.23 39.76 29.60
754 59.44 41.28 136.52 43.66 35.64
755 59.46 14.64 131.43 37.48 25.67
756 58.96 27.01 121.19 45.72 37.57
757 59.60 54.55 129.07 41.31 36.34
758 59.44 65.29 107.54 34.75 30.97
759 59.73 33.36 135.59 41.77 35.36
760 59.98 47.41 124.18 38.75 32.33
761 59.94 70.21 110.73 34.06 32.24
762 59.86 37.07 138.28 41.67 34.57
763 59.72 76.30 114.50 36.12 32.86
764 59.65 6.87 23.11 6.13 3.82
765 59.84 81.39 110.72 33.96 29.66
766 59.66 93.79 21.64 5.50 3.67
767 59.75 4.09 10.91 2.56 2.29
768 60.33 26.24 120.95 36.64 31.37
769 60.46 61.95 129.33 36.94 33.37
770 60.50 85.65 106.16 28.78 24.97
771 60.13 9.78 32.28 12.00 9.62
772 60.41 96.11 10.40 2.40 2.49
773 60.79 30.50 130.10 36.15 31.52
774 60.76 44.16 131.89 40.60 33.77
775 60.64 21.60 128.82 37.36 29.47
776 60.78 51.38 131.68 39.18 33.93
777 60.24 65.58 127.57 37.30 32.08
778 60.25 88.94 31.02 7.73 11.36
779 60.41 7.73 29.32 6.70 3.91
780 60.65 57.44 142.78 44.40 33.14
781 61.07 73.88 117.18 34.11 31.25
782 61.00 13.01 81.76 22.13 15.34
783 60.97 40.15 147.14 43.19 36.01
784 61.13 91.87 32.65 7.52 5.89
785 61.17 78.20 116.50 33.56 31.63
786 60.96 17.36 115.04 30.40 22.53
787 61.35 65.96 125.30 34.17 31.34
788 61.45 4.91 13.12 2.93 2.31
789 61.13 8.49 31.56 8.61 4.93
790 61.39 35.45 132.94 39.35 32.05
791 61.20 88.98 76.99 17.05 14.06
792 61.58 54.49 136.44 38.20 33.36
793 61.78 81.31 108.53 28.45 28.98
794 61.69 60.07 145.40 38.44 35.44
795 61.69 69.39 116.47 30.75 30.61
796 61.77 47.97 130.25 38.71 32.76
797 61.90 94.91 13.87 2.89 2.17
798 62.13 83.92 104.68 27.58 25.62
799 62.01 88.32 69.81 17.01 15.37
800 61.71 12.30 109.94 21.74 16.87
801 62.21 25.94 132.69 36.93 29.23
802 62.14 29.02 142.12 41.79 30.97
803 62.10 9.08 40.66 9.31 5.65
804 61.79 18.80 106.04 26.39 22.16
805 62.10 22.38 137.11 37.53 27.66
806 62.54 42.57 127.31 34.01 31.94
807 62.64 32.74 130.12 35.65 32.40
808 62.49 39.06 145.33 37.60 33.87
809 62.56 63.65 138.13 37.86 32.18
810 62.13 85.50 111.76 25.01 22.87
811 62.60 57.26 149.97 39.27 33.57
812 62.57 72.19 136.24 34.13 32.76
813 62.82 75.91 118.00 31.01 30.10
814 62.46 6.02 17.72 3.83 2.43
815 62.96 16.82 123.27 31.34 24.33
816 62.31 78.50 56.07 12.00 20.07
817 62.69 12.69 81.56 20.29 13.54
818 62.69 18.89 110.69 28.69 20.06
819 63.25 45.53 141.02 37.93 31.32
820 62.65 91.96 25.20 5.27 3.27
821 63.18 53.51 131.71 35.93 29.42
822 63.41 36.37 143.64 36.04 31.41
823 63.39 49.56 144.42 36.72 32.49
824 63.38 67.07 117.04 30.52 27.26
825 63.37 86.94 95.27 21.66 18.94
826 63.01 7.16 18.32 5.32 3.12
827 63.39 60.89 138.73 35.24 32.07
828 63.65 79.38 116.52 28.58 28.63
829 63.64 23.05 137.52 33.17 26.90
830 63.74 82.88 121.22 28.26 25.59
831 63.64 29.25 149.12 38.17 27.28
832 63.46 92.26 28.63 6.55 3.96
833 63.43 5.26 11.82 1.87 2.67
834 64.06 8.80 30.19 6.64 4.14
835 63.46 95.06 11.21 1.89 2.21
836 63.53 12.79 85.43 17.77 12.91
837 63.72 26.73 140.95 36.32 24.81
838 64.43 90.19 45.85 9.40 6.78
839 64.09 71.63 113.15 26.50 28.52
840 64.35 20.28 155.41 33.71 28.48
841 64.21 57.98 131.74 34.24 30.52
842 64.47 16.55 132.20 30.25 22.48
843 64.37 39.91 143.03 36.39 31.56
844 64.35 63.91 120.62 27.81 25.95
845 64.22 4.32 11.52 2.15 1.65
846 64.76 31.21 144.91 35.45 28.50
847 64.65 34.43 148.13 37.70 31.10
848 64.16 96.32 9.59 2.37 2.00
849 64.49 75.85 132.60 30.93 31.21
850 64.32 94.29 13.60 2.68 1.69
851 64.60 6.09 14.19 2.78 1.61
852 64.56 25.98 130.56 29.52 27.18
853 64.93 43.11 146.06 35.98 30.52
854 64.75 51.70 138.24 33.51 30.63
855 64.75 46.79 145.61 33.30 31.49
856 65.13 55.41 130.90 29.12 29.57
857 64.98 13.19 98.68 19.99 13.44
858 64.77 67.61 137.86 34.03 27.42
859 64.96 60.97 142.63 36.34 27.08
860 65.11 86.50 90.07 17.20 16.95
861 65.56 37.43 141.01 32.55 28.51
862 65.52 78.83 119.27 25.86 25.54
863 65.51 82.79 113.50 24.36 24.63
864 65.04 95.36 10.87 1.77 2.05
865 65.14 63.73 131.86 33.15 34.38
866 65.42 70.65 127.52 26.40 27.01
867 65.90 93.67 15.00 2.97 2.13
868 65.68 28.05 136.72 30.97 25.22
869 65.81 22.36 145.68 32.66 23.50
870 66.20 6.77 15.64 2.99 2.00
871 65.96 74.51 124.74 26.90 26.70
872 66.04 10.37 41.69 8.57 5.51
873 66.39 24.74 142.47 30.35 24.55
874 65.85 19.17 148.62 31.26 21.40
875 65.98 48.41 135.64 31.11 25.70
876 66.33 60.53 118.98 28.12 26.80
877 66.13 65.39 134.46 28.31 27.49
878 66.21 90.76 34.46 6.04 4.38
879 66.35 40.65 146.15 32.75 28.25
880 66.05 69.43 120.55 28.68 26.17
881 66.22 16.08 120.15 25.14 17.32
882 66.55 33.77 141.26 32.08 26.38
883 66.44 52.07 147.24 31.77 28.76
884 66.72 43.91 148.82 32.82 28.16
885 66.82 30.66 140.15 29.20 25.76
886 66.78 86.16 80.13 15.83 14.80
887 66.77 56.17 133.69 27.76 27.33
888 67.00 80.81 121.49 24.29 23.12
889 67.28 68.09 132.76 26.97 26.79
890 67.51 13.28 76.48 13.08 10.04
891 67.26 72.17 119.38 25.50 24.70
892 67.20 36.82 155.08 33.32 28.14
893 67.35 46.90 153.47 33.03 30.65
894 67.36 76.80 126.49 27.25 24.35
895 67.07 16.19 139.70 24.07 18.38
896 67.23 19.34 138.56 29.96 20.53
897 67.73 9.29 21.36 4.06 2.84
898 67.78 64.17 126.45 25.61 27.21
899 67.28 89.65 36.57 5.33 4.54
900 67.34 92.77 10.64 2.64 2.61
901 67.39 94.42 10.85 1.79 1.69
902 68.02 21.72 149.58 30.90 23.94
903 68.03 58.11 132.63 26.90 25.89
904 67.97 28.15 147.08 31.26 26.67
905 68.22 49.39 147.43 31.25 28.11
906 67.74 6.36 11.19 1.71 1.75
907 68.04 40.17 150.72 31.91 27.49
908 68.04 52.51 155.52 29.70 28.90
909 68.05 83.17 106.09 18.86 19.17
910 68.11 24.67 153.30 31.59 23.45
911 68.00 18.32 142.06 25.81 21.56
912 68.08 89.85 33.23 5.61 4.62
913 68.49 44.40 143.75 29.81 26.73
914 68.83 61.43 136.78 26.60 26.71
915 68.60 73.02 123.94 22.29 23.21
916 68.64 79.96 125.19 22.32 21.11
917 68.40 84.62 99.52 17.51 15.37
918 68.66 32.75 134.44 29.18 26.61
919 68.91 16.75 125.28 21.85 16.18
920 68.72 92.72 14.18 2.47 1.68
921 68.54 36.51 155.31 32.77 26.79
922 69.19 86.94 58.42 9.99 8.51
923 69.02 69.15 121.62 23.44 24.37
924 69.15 54.49 146.32 28.27 27.67
925 68.57 6.51 12.35 2.40 1.44
926 69.03 76.84 127.94 24.14 23.88
927 69.27 13.29 61.86 11.20 6.82
928 69.34 7.86 16.85 2.15 1.89
929 69.37 9.89 20.70 4.01 3.30
930 69.48 26.64 159.18 30.28 25.57
931 69.45 20.48 154.98 29.47 20.44
932 69.50 90.70 22.32 3.33 2.79
933 69.79 30.14 151.46 29.71 24.91
934 69.60 42.26 151.13 29.70 25.42
935 69.98 47.87 144.14 27.56 25.44
936 69.15 64.82 60.65 13.31 16.18
937 69.96 23.75 157.91 31.93 23.04
938 69.84 57.71 133.26 23.92 24.89
939 69.81 37.16 139.76 28.04 23.69
940 70.10 51.54 146.55 28.16 24.68
941 70.23 66.57 132.50 23.52 25.17
942 70.13 73.82 125.69 22.04 23.44
943 70.12 81.91 105.84 19.29 18.41
944 70.42 63.18 141.43 24.99 25.80
945 70.42 44.96 173.81 29.22 27.18
946 70.40 92.35 13.57 1.70 2.25
947 70.55 12.35 38.48 8.21 4.14
948 70.82 33.67 149.07 29.61 24.88
949 70.43 17.61 130.62 24.59 16.38
950 70.67 40.30 172.43 31.96 27.44
951 70.78 77.56 124.82 21.34 21.54
952 70.42 7.93 13.58 1.65 2.22
953 71.28 69.20 121.87 20.74 23.22
954 71.13 88.45 32.33 5.02 3.61
955 71.21 59.50 134.35 23.51 23.24
956 71.03 9.88 19.38 3.50 2.15
957 71.13 21.09 142.31 23.41 20.21
958 71.01 27.32 174.02 35.06 23.80
959 71.40 55.14 133.60 25.69 24.03
960 71.65 30.39 147.62 28.08 23.49
961 71.50 37.24 155.46 28.70 23.62
962 71.74 44.78 150.17 26.79 24.11
963 71.87 51.41 143.83 27.75 24.22
964 71.66 16.75 101.42 16.51 10.86
965 71.95 72.48 125.13 21.75 22.91
966 71.73 24.74 177.26 31.66 25.01
967 71.38 91.48 14.20 2.03 2.08
968 71.46 8.14 14.49 3.08 1.38
969 72.14 79.62 124.91 20.57 19.38
970 72.04 48.19 160.66 27.41 25.51
971 72.02 12.98 37.95 6.71 4.46
972 72.40 82.69 88.70 13.84 13.86
973 72.10 41.13 158.33 28.08 24.25
974 72.18 64.31 135.51 21.48 23.53
975 72.06 9.86 14.76 2.51 2.05
976 72.52 75.70 134.96 23.36 21.94
977 72.14 89.71 20.01 3.58 2.93
978 72.25 7.74 11.89 1.90 1.40
979 72.73 60.65 147.03 25.26 25.54
980 72.69 90.95 12.99 1.82 1.66
981 72.40 21.87 170.26 28.56 19.44
982 72.68 27.16 173.00 30.63 24.06
983 73.19 33.06 142.09 24.82 21.08
984 72.81 36.52 148.48 26.02 24.38
985 73.14 19.04 137.75 21.60 14.35
986 72.94 57.05 158.82 26.86 24.53
987 73.11 86.73 36.54 5.48 5.08
988 73.33 67.21 131.18 22.56 23.71
989 73.27 15.61 69.00 10.78 7.78
990 73.09 53.75 156.51 26.53 24.41
991 72.82 68.92 118.63 17.42 20.43
992 73.36 10.50 17.57 3.14 2.34
993 73.46 42.34 139.99 23.83 22.12
994 73.21 8.47 12.24 1.76 1.76
995 73.45 23.02 158.61 26.76 18.65
996 73.23 29.83 159.67 30.99 21.56
997 73.56 46.06 164.62 28.43 24.09
998 73.81 70.97 135.66 22.43 22.02
999 73.84 12.76 30.87 5.16 3.03
1000 73.90 49.40 154.18 26.01 24.32
1001 73.62 91.57 10.99 1.17 1.69
1002 73.85 77.91 132.10 20.29 20.02
1003 73.96 64.06 140.90 24.57 22.93
1004 74.15 37.55 150.70 25.98 22.27
1005 74.32 74.10 139.74 22.49 22.09
1006 74.21 25.66 166.49 26.58 20.63
1007 74.35 83.81 64.85 9.29 8.48
1008 74.21 52.10 167.17 29.40 22.83
1009 74.30 59.87 140.74 20.90 22.74
1010 74.04 29.64 155.88 26.06 23.44
1011 74.26 55.77 164.85 26.14 22.70
1012 74.55 88.39 16.86 2.49 2.13
1013 74.88 80.30 109.53 15.29 13.83
1014 74.93 39.95 168.15 27.50 23.87
1015 74.69 19.34 123.87 17.85 12.96
1016 75.01 34.48 162.16 26.71 22.80
1017 75.10 67.90 139.10 22.38 22.16
1018 74.68 10.10 13.38 1.97 1.80
1019 75.17 22.78 169.12 23.87 19.53
1020 75.02 15.32 48.03 8.84 5.40
1021 75.37 31.41 155.19 26.93 21.33
1022 75.21 42.88 171.26 26.91 24.34
1023 75.23 28.11 166.82 28.93 22.83
1024 75.28 46.10 156.74 26.07 21.80
1025 75.31 11.88 19.36 2.69 1.87
1026 75.52 53.57 141.58 23.10 20.63
1027 75.49 64.22 131.31 20.05 21.86
1028 75.74 76.90 121.25 18.56 17.94
1029 75.66 57.70 139.82 22.65 21.17
1030 75.94 49.11 150.22 23.28 22.37
1031 75.49 85.79 26.96 3.59 3.17
1032 75.79 70.76 139.19 19.98 20.14
1033 75.63 61.22 64.64 14.34 15.06
1034 76.23 73.74 127.96 19.48 18.27
1035 76.25 37.99 154.67 25.07 21.77
1036 75.65 88.10 15.21 1.33 1.24
1037 76.07 17.52 73.26 11.78 7.71
1038 76.29 25.06 154.58 25.02 20.51
1039 76.32 82.10 68.20 9.39 8.54
1040 76.25 20.45 130.73 19.07 12.21
1041 76.63 14.56 34.31 5.61 3.94
1042 76.20 89.12 12.39 2.13 1.96
1043 76.55 85.96 24.84 3.36 2.58
1044 76.47 11.83 17.94 2.51 1.81
1045 76.69 34.30 159.85 24.86 21.68
1046 76.83 29.43 158.32 24.43 19.24
1047 76.87 42.08 153.74 24.46 22.11
1048 76.89 59.93 150.52 23.37 21.74
1049 76.99 51.96 161.19 23.71 22.35
1050 77.10 63.36 133.47 21.07 21.29
1051 77.46 66.98 126.29 21.61 19.63
1052 77.28 45.71 145.29 22.74 21.53
1053 77.27 78.79 109.79 14.46 14.76
1054 76.81 88.25 15.21 1.66 2.24
1055 77.35 55.63 152.24 22.46 21.49
1056 77.30 21.64 127.98 17.78 13.22
1057 77.52 70.63 130.51 19.74 19.51
1058 77.69 12.09 15.42 2.32 1.53
1059 78.01 18.25 66.54 9.07 6.99
1060 77.80 26.14 162.17 23.52 17.56
1061 77.92 75.46 122.69 16.89 16.53
1062 78.04 49.31 151.43 23.09 22.29
1063 77.91 82.66 46.14 6.33 5.19
1064 78.09 15.29 33.30 5.34 3.25
1065 78.03 31.75 171.04 26.75 21.47
1066 77.99 37.98 150.47 24.28 20.87
1067 77.52 87.80 10.87 1.31 2.03
1068 78.49 85.78 16.67 2.33 2.33
1069 78.47 34.92 173.88 26.24 21.92
1070 78.38 41.26 162.92 24.81 21.32
1071 78.45 59.07 146.57 22.00 19.89
1072 78.56 22.87 150.54 20.90 15.42
1073 78.89 53.47 130.91 19.93 20.81
1074 78.86 63.46 139.32 19.61 20.34
1075 79.09 28.87 156.65 23.66 19.87
1076 78.78 73.41 130.60 18.76 16.30
1077 79.03 79.07 71.38 9.63 8.67
1078 79.23 46.32 152.09 22.20 21.43
1079 79.10 12.31 13.76 1.69 1.44
1080 79.40 43.21 163.85 24.61 21.28
1081 79.26 70.35 138.76 19.98 18.78
1082 79.71 67.30 129.08 18.89 18.56
1083 78.99 84.04 17.92 1.97 1.97
1084 79.67 19.78 87.01 11.58 7.99
1085 79.68 16.16 28.60 4.35 3.51
1086 79.77 25.40 161.49 22.45 17.11
1087 79.79 32.58 159.43 25.15 20.84
1088 80.18 81.27 34.02 4.46 4.22
1089 79.85 49.38 165.12 24.84 22.01
1090 79.81 38.23 149.50 22.53 20.18
1091 79.95 57.84 147.10 21.73 20.13
1092 79.58 73.49 129.70 19.93 18.55
1093 79.86 76.34 102.36 13.83 12.52
1094 80.38 61.74 137.09 19.44 18.46
1095 80.38 13.49 14.78 2.06 1.76
1096 80.89 83.83 16.93 1.93 2.00
1097 80.55 54.82 155.47 20.13 20.12
1098 80.09 85.89 11.83 1.21 1.14
1099 80.66 22.48 114.35 14.77 12.35
1100 80.99 36.05 158.63 22.56 21.70
1101 80.48 74.87 110.90 14.38 15.40
1102 80.93 51.81 160.58 20.43 19.57
1103 80.92 65.15 160.16 21.57 20.32
1104 80.89 27.57 155.42 20.22 16.79
1105 80.73 42.82 155.10 22.49 18.47
1106 80.84 71.64 125.31 18.00 15.72
1107 80.67 46.21 67.78 11.31 16.20
1108 81.25 77.55 65.53 8.50 7.54
1109 81.38 30.37 169.77 21.67 18.15
1110 81.23 16.52 25.95 3.60 2.14
1111 81.41 39.68 164.89 22.59 20.53
1112 81.57 33.38 169.97 21.58 19.79
1113 81.63 48.76 156.67 22.64 19.89
1114 81.91 19.03 42.57 5.59 4.08
1115 81.71 59.36 148.12 20.05 19.14
1116 81.85 67.40 135.42 18.13 18.75
1117 81.60 13.68 12.69 1.10 1.63
1118 82.22 45.43 155.30 21.63 20.26
1119 82.29 25.82 123.76 15.53 13.57
1120 82.24 56.43 151.58 20.97 19.43
1121 82.30 73.51 109.24 14.49 12.38
1122 82.18 81.24 19.82 2.59 1.93
1123 82.34 22.22 86.96 10.45 8.16
1124 82.29 62.75 145.75 19.72 19.70
1125 82.41 70.46 137.90 16.24 16.16
1126 82.60 42.04 161.36 20.26 20.45
1127 82.62 53.22 151.64 19.94 19.17
1128 82.33 15.19 14.99 1.81 2.15
1129 82.73 37.55 165.02 21.96 19.86
1130 82.72 77.18 60.67 6.82 6.07
1131 82.89 31.23 152.35 20.76 17.43
1132 83.32 34.70 185.49 24.10 19.09
1133 83.41 47.74 157.59 19.97 20.07
1134 82.97 80.30 17.64 1.77 2.51
1135 83.42 64.55 152.69 18.37 18.07
1136 83.12 15.31 12.64 1.73 1.64
1137 83.70 50.83 155.46 21.70 20.96
1138 83.04 17.59 15.71 2.61 2.21
1139 83.37 68.28 156.61 18.92 16.69
1140 83.56 60.08 141.04 19.15 18.93
1141 83.88 29.37 150.58 19.54 14.46
1142 83.63 82.65 11.08 1.46 1.53
1143 83.92 20.12 31.95 4.38 2.90
1144 83.89 74.67 76.56 8.27 6.64
1145 84.03 23.61 75.09 9.25 7.29
1146 83.78 26.49 137.24 17.65 11.39
1147 84.14 39.61 162.18 22.01 18.02
1148 84.12 78.52 27.11 3.51 2.21
1149 84.34 57.31 144.05 17.33 17.37
1150 84.19 16.86 14.70 1.67 1.42
1151 84.13 81.09 15.26 1.91 2.14
1152 84.31 42.78 160.10 19.26 18.41
1153 84.35 54.20 163.62 19.68 20.17
1154 84.49 71.98 88.47 11.09 10.76
1155 84.82 45.61 150.97 19.01 18.11
1156 84.90 36.52 162.90 22.38 18.64
1157 84.70 66.99 145.53 17.48 16.35
1158 84.71 33.50 165.39 20.51 16.95
1159 84.84 63.52 145.99 18.40 17.72
1160 84.70 26.74 105.73 10.74 8.68
1161 84.54 68.75 0.00 0.00 0.00
1162 85.46 48.90 151.25 19.26 19.98
1163 85.46 69.87 125.13 13.20 12.50
1164 85.48 75.89 32.49 3.73 3.24
1165 85.02 18.01 17.04 2.02 0.91
1166 85.23 80.43 12.57 1.63 1.22
1167 85.69 52.54 144.45 17.34 18.72
1168 85.52 30.38 150.46 16.05 14.16
1169 85.70 59.12 167.03 19.81 18.86
1170 85.91 19.88 17.30 2.48 1.86
1171 85.64 22.95 37.22 4.30 3.00
1172 86.22 61.56 142.15 15.52 16.74
1173 85.94 41.65 163.44 20.92 19.59
1174 86.04 38.48 168.93 20.04 18.42
1175 86.13 27.15 85.30 9.76 8.41
1176 85.74 78.14 16.91 1.57 1.71
1177 86.52 56.22 148.25 18.33 18.79
1178 86.42 33.12 162.80 18.75 15.46
1179 86.72 66.97 122.65 13.28 12.98
1180 86.52 64.22 147.67 16.17 17.11
1181 86.65 46.05 144.58 17.75 17.44
1182 86.90 73.93 34.68 3.85 3.80
1183 87.35 37.07 151.00 17.90 16.95
1184 86.60 78.30 14.51 1.27 1.65
1185 86.77 70.22 99.51 9.29 9.35
1186 86.95 24.01 29.98 3.83 2.59
1187 87.68 49.14 136.24 17.12 17.41
1188 87.30 52.92 144.62 16.58 17.95
1189 87.49 43.41 167.03 19.64 18.85
1190 87.69 30.30 99.99 10.50 8.84
1191 87.68 58.91 150.29 17.94 18.23
1192 87.59 26.95 60.41 6.75 4.78
1193 87.93 34.43 147.09 17.64 15.80
1194 87.82 21.04 14.29 1.36 1.67
1195 87.97 40.39 152.80 18.05 17.59
1196 87.54 78.21 12.78 1.22 1.72
1197 88.22 63.13 142.55 14.76 14.68
1198 88.04 71.42 54.11 6.16 4.98
1199 88.05 76.93 13.73 1.51 1.40
1200 88.37 66.06 125.20 12.75 12.91
1201 88.79 68.72 72.65 7.32 6.88
1202 88.58 24.36 21.69 2.82 1.94
1203 89.09 54.67 124.46 15.53 16.43
1204 88.85 45.21 148.70 19.18 16.97
1205 88.48 74.32 20.15 2.11 2.32
1206 89.06 51.18 159.24 18.49 18.64
1207 89.00 60.49 144.37 14.23 14.98
1208 89.04 31.86 112.88 11.30 9.46
1209 89.09 27.63 37.20 4.08 3.34
1210 89.58 37.05 147.66 16.53 14.14
1211 89.40 40.26 173.07 17.57 17.66
1212 89.75 56.94 148.41 16.51 17.28
1213 89.69 71.43 27.73 2.84 2.45
1214 89.45 75.26 11.44 0.94 1.28
1215 90.12 47.87 149.31 16.84 17.03
1216 90.05 34.13 123.72 12.76 11.26
1217 90.01 64.29 124.01 12.17 10.80
1218 89.81 24.69 14.86 2.12 1.41
1219 90.32 43.63 156.99 17.03 16.77
1220 90.50 66.98 60.92 6.33 5.72
1221 90.43 29.89 40.37 4.29 3.27
1222 90.69 61.88 113.52 12.74 12.82
1223 90.36 73.89 14.10 1.01 1.45
1224 90.32 26.32 18.87 1.60 2.12
1225 90.67 58.59 162.53 15.24 16.63
1226 90.78 51.22 155.97 16.24 16.91
1227 91.04 40.17 148.81 14.97 15.04
1228 91.35 69.19 26.77 2.67 2.37
1229 91.09 24.71 12.79 0.83 0.67
1230 91.40 32.83 62.82 6.61 5.62
1231 91.44 36.84 120.93 11.79 12.00
1232 91.55 26.80 15.25 1.58 1.39
1233 91.57 71.82 14.85 1.40 1.39
1234 91.94 56.02 135.92 13.73 13.84
1235 91.96 52.85 149.22 15.18 15.54
1236 91.78 47.75 164.78 16.78 15.85
1237 92.11 44.67 137.34 16.62 14.37
1238 91.98 59.60 134.18 12.57 13.19
1239 92.34 30.68 24.78 2.79 2.85
1240 92.47 63.98 53.18 5.51 5.22
1241 92.40 66.90 31.81 3.44 2.94
1242 92.71 41.47 150.33 14.34 13.49
1243 92.84 34.87 54.37 5.75 5.02
1244 92.56 70.20 13.55 1.46 1.18
1245 93.14 49.67 136.21 13.96 13.80
1246 93.12 61.25 95.20 7.60 7.95
1247 92.74 28.03 13.59 1.34 1.25
1248 93.26 38.20 91.82 8.98 9.02
1249 93.61 55.32 106.06 11.59 11.67
1250 93.74 32.13 21.63 2.38 2.17
1251 93.84 68.15 15.26 1.48 1.53
1252 94.08 43.79 121.72 11.41 10.42
1253 94.44 64.47 23.72 2.15 1.90
1254 94.83 46.72 98.45 10.18 9.68
1255 94.44 59.93 56.00 5.09 4.53
1256 94.64 50.91 107.88 10.96 10.92
1257 95.20 40.79 57.72 5.75 5.49
1258 94.52 33.79 19.72 1.77 1.48
1259 94.87 36.87 35.47 3.74 3.00
1260 95.49 56.54 60.52 5.41 5.33
1261 94.76 32.12 16.45 1.35 1.48
1262 94.83 66.99 12.62 0.72 1.03
1263 96.05 53.10 64.04 6.16 5.65
1264 95.63 33.81 15.25 1.64 1.31
1265 96.00 60.87 24.57 2.49 2.01
1266 95.85 63.85 16.30 1.39 1.68
1267 96.74 48.35 49.48 4.88 3.95
1268 96.79 41.90 31.27 3.09 2.57
1269 96.43 37.60 18.51 1.58 1.76
1270 97.10 44.89 36.74 3.98 3.00
1271 97.19 57.57 19.06 1.86 1.75
1272 97.62 51.38 26.56 2.37 2.02
1273 98.02 54.78 15.73 1.25 1.54
1274 98.81 48.72 12.19 1.37 1.52
1275 98.62 46.01 12.10 0.94 1.12

