#<Embryo name> <Cleavage cycle> <Temporal class> <Genes>
be5 13  - caudal even-skipped bicoid

#Quantitative data
#<Nucleus number> <A-P coordinate> <D-V coordinate> <Fluorescence intensity: channel 1 - cad, channel 2 - eve, channel 3 - bcd>
0 2.35 38.07 24.98 12.17 180.40
1 2.58 45.71 26.48 12.79 187.86
2 4.07 43.89 29.33 15.30 180.86
3 3.68 49.19 27.18 13.50 182.47
4 3.84 39.82 29.78 15.73 211.06
5 3.98 33.53 27.09 13.91 189.33
6 4.77 36.69 31.54 16.60 201.13
7 5.16 48.32 33.62 17.82 204.41
8 5.58 52.45 30.41 16.02 181.68
9 5.58 28.49 29.56 14.89 199.94
10 5.67 40.83 32.99 16.84 199.87
11 5.79 56.43 26.83 14.13 161.52
12 6.47 31.65 32.69 16.37 182.31
13 6.28 44.46 33.55 16.73 199.14
14 6.32 35.10 31.69 15.24 196.62
15 6.68 48.14 35.16 18.80 191.69
16 7.07 23.07 25.15 13.40 171.18
17 7.40 38.76 34.10 17.86 187.84
18 7.29 54.34 32.76 19.28 178.49
19 7.32 26.45 32.05 16.28 203.43
20 7.92 50.97 37.12 20.29 194.39
21 7.87 42.70 37.13 20.61 201.02
22 8.11 28.99 33.42 17.79 197.52
23 7.95 58.65 33.03 17.37 172.25
24 8.34 62.41 25.39 14.34 134.09
25 8.47 35.37 36.01 19.77 187.90
26 8.61 47.23 38.16 19.94 177.44
27 8.64 20.82 27.29 15.37 184.09
28 9.03 31.93 32.64 18.12 173.45
29 9.33 56.21 36.16 20.51 158.92
30 9.06 24.18 31.64 19.21 193.22
31 9.60 39.43 37.82 20.44 173.83
32 9.51 43.83 40.22 22.60 193.19
33 9.69 52.93 40.03 23.10 173.36
34 9.66 26.64 37.79 22.08 201.67
35 9.91 60.05 40.79 22.08 174.66
36 10.19 49.72 41.49 23.15 185.04
37 10.21 19.22 27.25 14.86 165.60
38 10.24 64.62 29.86 17.58 122.79
39 10.95 28.63 36.67 20.34 163.53
40 10.77 36.67 39.33 22.84 177.59
41 11.15 32.07 36.37 20.50 160.91
42 10.79 23.10 35.07 20.79 195.05
43 11.27 46.97 41.44 25.61 170.86
44 11.32 43.16 39.74 23.18 168.37
45 11.50 58.04 45.68 27.82 175.53
46 11.73 54.64 41.90 26.89 156.17
47 11.62 61.93 42.64 27.16 159.15
48 12.11 50.98 41.43 27.10 165.98
49 11.96 19.45 31.77 18.18 159.76
50 12.06 24.99 37.03 21.78 187.61
51 12.10 65.78 37.43 24.53 129.71
52 12.30 40.40 40.01 22.87 160.00
53 12.25 34.86 41.49 23.64 174.51
54 13.00 69.44 32.16 23.54 97.61
55 13.14 27.91 40.09 24.00 169.32
56 13.13 60.30 47.62 31.33 148.19
57 13.14 47.19 45.73 28.43 165.93
58 13.35 20.73 35.91 22.08 174.11
59 14.06 55.98 46.60 32.28 138.64
60 13.76 13.38 25.56 15.01 129.18
61 14.06 16.21 33.70 19.21 144.40
62 13.77 38.92 41.94 25.20 152.20
63 14.06 43.78 43.96 28.92 157.27
64 13.83 52.21 46.12 30.99 148.10
65 13.98 23.96 38.02 25.19 165.48
66 13.73 34.28 42.54 24.32 176.84
67 13.79 64.64 48.84 34.81 148.11
68 14.14 30.80 41.68 23.56 157.84
69 14.58 72.12 33.08 28.16 99.91
70 14.60 59.59 50.23 37.94 158.11
71 14.94 47.99 45.62 28.58 147.27
72 14.91 68.12 43.28 34.92 123.79
73 15.06 18.82 38.38 24.61 168.40
74 15.13 35.95 44.08 29.05 163.32
75 15.33 25.55 42.56 27.15 166.81
76 15.48 63.21 51.37 39.54 139.72
77 15.55 41.35 44.72 29.62 151.13
78 15.70 51.60 50.12 35.41 150.90
79 15.82 29.62 42.69 26.59 160.05
80 16.32 12.17 29.23 20.06 117.71
81 16.20 21.37 37.85 23.67 138.25
82 16.08 58.70 49.84 36.61 130.12
83 16.51 55.00 49.94 37.45 132.37
84 16.52 33.72 45.74 29.94 145.49
85 16.49 38.01 45.54 33.03 150.72
86 16.59 15.46 36.61 22.09 135.11
87 16.58 44.18 46.64 30.86 135.49
88 16.43 71.43 48.35 44.21 118.80
89 16.49 67.35 54.76 47.25 135.15
90 16.79 75.51 33.92 34.47 79.24
91 16.75 48.12 50.12 35.97 153.35
92 17.16 26.90 41.94 27.64 137.62
93 17.14 63.51 55.30 48.22 132.62
94 17.73 52.29 55.15 42.17 137.58
95 17.77 17.70 43.09 29.96 144.01
96 17.67 58.78 53.78 42.07 121.59
97 17.92 22.47 42.76 26.78 135.04
98 17.84 31.70 45.93 31.16 145.09
99 17.85 39.96 50.51 36.23 146.89
100 18.20 67.58 54.72 48.08 109.90
101 18.16 71.66 58.49 55.53 124.36
102 18.67 36.25 45.97 32.39 122.37
103 18.31 43.94 50.57 36.87 139.26
104 18.40 77.25 41.25 42.70 88.69
105 18.43 47.99 50.59 43.27 132.08
106 18.88 11.11 34.25 25.42 117.16
107 18.76 63.02 60.56 58.15 122.74
108 18.90 25.82 48.05 33.61 137.59
109 19.33 54.94 55.49 49.70 118.38
110 19.46 14.71 39.20 29.47 114.51
111 19.41 30.17 48.24 34.88 127.26
112 19.31 19.25 44.20 33.04 127.86
113 19.20 58.62 57.62 51.50 121.77
114 19.42 74.38 52.75 56.48 97.81
115 19.48 51.07 56.18 47.98 130.40
116 19.48 41.04 49.50 39.98 127.51
117 19.99 66.33 56.99 57.88 102.94
118 20.19 33.93 50.31 38.81 124.20
119 20.14 70.40 61.22 65.14 105.00
120 20.03 45.82 53.28 43.43 117.02
121 20.34 60.90 61.01 58.27 110.88
122 20.67 21.23 44.18 33.76 114.84
123 20.73 27.25 45.43 32.44 107.96
124 20.86 37.28 49.44 39.78 106.14
125 21.16 79.18 44.52 52.00 69.88
126 20.99 75.71 59.05 63.93 97.09
127 21.27 56.25 56.43 52.25 99.94
128 21.27 11.97 39.65 31.49 109.77
129 20.99 41.96 57.76 49.63 126.04
130 21.29 47.82 54.46 47.89 108.37
131 21.03 51.73 60.73 56.17 126.08
132 21.44 16.83 45.23 37.96 116.69
133 21.43 63.75 64.72 67.33 109.95
134 21.66 24.44 53.03 42.57 129.78
135 21.70 31.80 48.58 40.61 104.18
136 21.78 71.46 67.28 74.24 99.43
137 22.00 67.12 65.77 74.48 98.09
138 22.03 60.06 62.40 64.69 106.34
139 22.46 8.53 32.96 29.01 86.40
140 22.35 38.67 57.26 49.54 119.25
141 22.51 43.07 57.80 51.02 109.17
142 22.48 53.32 61.76 63.39 103.85
143 22.78 20.78 47.54 41.80 100.22
144 22.74 48.09 57.99 54.41 96.37
145 22.76 74.90 66.46 79.78 100.82
146 23.02 14.71 45.79 40.28 101.99
147 23.19 29.78 55.11 47.38 117.66
148 23.34 35.94 53.88 45.56 93.16
149 23.32 26.18 50.21 39.93 97.72
150 23.23 78.87 59.40 70.78 82.32
151 23.28 63.53 68.28 75.64 101.46
152 23.40 58.21 61.64 63.42 93.82
153 23.42 69.27 68.61 83.16 95.12
154 24.19 32.32 56.15 50.51 98.60
155 24.10 40.78 55.96 55.83 97.11
156 24.01 45.64 66.51 64.23 106.81
157 23.93 53.63 63.18 65.15 93.49
158 24.10 72.68 73.32 87.81 100.94
159 24.04 7.93 38.41 34.40 95.64
160 24.35 49.93 63.64 67.61 95.09
161 24.33 82.29 50.75 62.43 66.05
162 24.55 12.91 45.16 42.94 90.63
163 24.49 19.83 50.91 50.26 103.98
164 24.61 65.69 72.08 83.35 92.07
165 24.58 76.19 75.46 86.08 91.27
166 24.79 23.39 55.08 51.53 99.71
167 24.95 61.25 71.23 75.62 89.23
168 25.26 16.97 50.19 49.17 89.47
169 25.07 57.38 72.00 74.04 98.04
170 25.39 26.96 54.34 52.03 87.70
171 25.27 35.15 58.48 56.41 88.92
172 25.37 68.99 72.73 83.75 83.70
173 25.47 78.80 69.78 80.64 78.64
174 25.55 9.58 43.60 42.36 88.89
175 25.42 44.02 60.58 69.57 88.80
176 25.59 38.62 65.36 70.77 107.62
177 25.62 53.71 68.66 73.98 87.70
178 25.96 72.40 71.48 84.48 79.32
179 25.97 31.02 59.56 63.49 96.99
180 25.96 48.17 68.40 73.07 92.80
181 26.10 81.66 67.28 78.73 78.06
182 26.26 64.65 76.55 84.39 84.16
183 26.39 75.39 74.50 90.50 79.10
184 26.70 22.01 51.10 54.12 81.61
185 26.73 84.45 53.82 63.30 58.07
186 26.91 15.11 50.73 53.22 84.55
187 26.89 40.83 64.76 73.05 85.07
188 26.90 58.42 77.74 82.84 84.96
189 27.02 51.39 69.32 75.71 79.92
190 26.89 61.55 81.59 96.15 92.51
191 27.01 8.05 41.61 44.77 83.47
192 27.07 68.10 76.35 87.63 76.61
193 27.61 11.98 48.92 51.11 76.25
194 27.42 18.86 57.03 62.75 88.28
195 27.33 37.08 61.44 64.16 82.15
196 27.33 44.12 68.92 77.79 86.65
197 27.45 54.76 73.36 80.74 80.23
198 27.58 87.90 32.06 40.85 31.46
199 27.46 25.38 55.91 61.16 83.18
200 27.51 29.00 58.85 60.64 85.28
201 27.29 78.44 80.48 92.28 76.70
202 27.72 33.24 60.44 65.16 77.75
203 27.81 47.61 71.64 85.33 86.26
204 27.84 71.05 84.32 96.66 85.23
205 28.41 80.85 73.97 89.38 64.34
206 28.11 63.57 79.58 88.29 76.99
207 28.21 74.79 77.97 93.17 70.48
208 28.59 85.17 54.73 68.02 49.08
209 28.59 57.18 82.13 95.41 82.42
210 28.80 7.85 49.89 51.41 81.45
211 28.80 66.80 83.25 96.36 74.52
212 28.91 50.40 76.61 89.16 79.75
213 29.04 40.56 71.95 78.47 80.80
214 29.16 22.24 58.16 59.38 72.25
215 29.23 17.73 53.80 58.31 67.01
216 29.23 60.13 80.82 95.21 72.95
217 29.06 36.61 73.70 79.14 82.37
218 29.18 30.55 66.16 74.66 80.77
219 29.20 44.15 71.02 82.92 77.81
220 29.40 26.19 65.02 73.14 77.14
221 29.37 53.98 83.64 95.19 85.99
222 29.43 78.02 88.31 100.60 72.76
223 29.62 11.38 52.52 54.00 71.73
224 29.49 70.08 86.55 97.01 68.04
225 29.81 89.65 32.51 40.32 27.74
226 29.98 14.59 61.51 64.59 81.63
227 29.72 73.34 88.08 99.34 70.31
228 29.87 63.14 88.53 104.66 75.42
229 29.81 83.09 85.60 101.58 67.34
230 30.03 47.37 79.80 94.45 76.02
231 30.37 34.24 66.78 71.72 66.83
232 30.58 57.53 75.71 91.29 64.64
233 30.58 86.43 66.19 83.68 53.07
234 30.53 66.55 88.20 96.75 65.18
235 30.61 76.19 89.01 95.94 63.99
236 30.77 8.34 51.13 54.36 66.98
237 30.67 4.50 38.33 42.38 59.34
238 30.72 29.11 68.57 77.07 74.61
239 30.81 38.98 73.69 83.40 75.54
240 30.76 52.60 81.07 89.88 65.53
241 30.90 81.04 82.84 94.03 55.22
242 30.95 21.36 65.15 65.74 73.04
243 31.00 43.28 78.20 88.53 71.43
244 31.07 70.61 91.94 100.30 67.78
245 31.60 25.56 69.54 80.18 72.25
246 31.55 92.07 22.68 29.23 13.83
247 31.65 17.57 66.14 73.18 73.41
248 31.45 49.40 85.07 96.82 72.74
249 31.41 62.39 88.33 102.67 66.73
250 31.77 13.41 63.10 69.10 75.71
251 31.78 74.03 90.79 92.50 56.51
252 32.18 89.57 45.45 57.80 32.26
253 32.12 30.63 68.26 76.29 62.21
254 32.00 66.88 96.96 112.00 69.39
255 32.10 34.90 75.91 79.83 67.85
256 32.46 45.34 78.13 86.32 61.35
257 32.11 79.41 95.20 107.12 61.41
258 32.19 85.49 80.92 94.41 50.33
259 32.11 57.71 98.26 108.06 68.50
260 32.52 5.36 43.65 51.89 56.39
261 32.22 54.42 87.50 91.70 65.29
262 32.50 9.54 58.90 65.42 68.78
263 32.54 38.48 81.56 88.36 70.17
264 33.04 41.50 79.79 86.12 59.66
265 32.64 22.00 69.35 75.61 69.52
266 32.78 52.98 84.11 83.04 51.81
267 32.88 69.92 90.57 102.32 54.98
268 33.04 60.25 92.33 102.81 60.22
269 32.89 48.92 87.43 95.98 62.65
270 32.99 63.52 98.89 113.59 67.85
271 33.22 83.37 85.97 95.86 46.33
272 33.37 77.06 101.61 101.98 52.87
273 33.28 73.53 102.83 108.36 61.60
274 33.62 17.62 66.66 72.25 61.67
275 33.58 25.68 74.29 75.14 63.29
276 33.50 13.41 65.71 69.66 61.59
277 33.70 30.18 74.26 81.91 60.47
278 33.67 66.27 100.61 107.41 58.85
279 33.84 80.29 98.33 101.38 52.04
280 33.75 34.86 75.33 82.54 58.30
281 33.87 56.27 98.37 105.68 67.94
282 33.84 89.35 61.35 69.11 36.87
283 34.03 51.30 84.92 93.11 56.46
284 34.24 6.75 57.27 63.63 63.65
285 34.38 21.10 78.27 77.97 66.68
286 34.72 10.28 64.88 68.86 63.38
287 34.56 46.72 87.55 88.33 55.30
288 34.58 42.94 88.95 96.05 62.64
289 34.52 71.29 107.56 109.45 57.92
290 34.78 85.43 89.62 97.43 48.65
291 34.59 92.92 29.42 31.16 13.84
292 34.92 38.98 79.66 79.24 56.48
293 34.61 59.60 101.83 110.11 60.58
294 34.96 63.80 97.56 102.46 53.93
295 34.93 67.81 105.98 106.52 57.71
296 34.94 75.22 107.38 107.79 53.59
297 35.02 28.99 81.72 83.17 63.09
298 35.25 82.00 99.99 97.61 46.95
299 35.23 14.37 68.00 74.03 56.40
300 35.36 54.55 93.25 88.45 53.35
301 35.38 24.19 76.45 74.92 58.22
302 35.23 34.92 90.42 91.04 60.02
303 35.57 88.57 81.70 79.68 39.81
304 35.83 78.61 111.80 99.29 50.53
305 35.91 18.20 72.59 68.23 53.81
306 35.61 50.49 97.53 91.85 53.42
307 36.14 91.91 47.53 51.45 26.02
308 36.37 7.98 61.22 62.88 51.36
309 36.29 32.26 86.21 86.73 56.31
310 36.05 61.10 105.60 101.58 52.04
311 36.31 45.67 90.58 83.53 50.27
312 36.20 70.37 105.74 102.06 52.39
313 36.52 57.61 97.17 95.42 47.53
314 36.51 41.49 87.70 85.38 54.25
315 36.44 27.03 90.13 86.19 60.54
316 36.45 73.78 111.92 105.93 48.78
317 36.52 66.32 110.49 108.52 53.73
318 36.40 11.03 67.47 66.23 50.65
319 36.70 21.39 80.60 78.91 58.29
320 36.67 37.22 95.11 87.93 58.98
321 37.15 85.88 89.24 82.58 36.35
322 37.14 15.29 70.64 68.15 50.80
323 36.97 81.92 110.51 101.19 46.98
324 37.08 49.94 97.97 90.73 50.45
325 37.34 11.98 63.93 63.58 42.54
326 37.68 53.35 91.26 84.04 43.94
327 37.29 77.04 105.88 89.10 43.51
328 37.26 63.08 110.05 110.18 51.85
329 37.49 29.77 88.34 85.20 54.50
330 37.49 89.21 87.81 81.49 37.20
331 37.68 4.70 53.35 54.16 42.53
332 37.80 24.62 84.93 83.38 53.13
333 37.85 34.88 89.66 82.72 47.27
334 37.68 68.74 120.36 112.22 51.65
335 37.98 44.84 100.42 91.65 52.97
336 38.09 93.30 39.72 39.31 18.98
337 38.00 72.69 111.28 102.49 45.42
338 38.07 39.98 102.64 90.56 55.48
339 38.50 21.13 76.96 73.03 45.54
340 38.22 56.38 108.79 102.14 49.23
341 38.36 61.13 106.76 96.06 45.63
342 38.56 7.87 66.86 69.61 49.21
343 38.49 48.44 109.13 100.97 49.33
344 38.94 80.00 109.22 87.60 38.31
345 38.44 83.23 121.43 97.69 46.01
346 38.78 17.78 85.57 75.78 54.14
347 38.67 66.17 117.97 104.97 47.64
348 38.80 11.35 82.39 79.21 55.74
349 38.91 76.52 123.64 103.95 45.34
350 39.09 26.70 93.65 89.57 52.51
351 39.06 30.65 98.07 89.42 51.74
352 39.37 14.75 83.27 74.33 49.50
353 39.16 90.19 83.18 74.92 30.70
354 39.26 70.29 122.92 104.08 45.21
355 39.32 42.70 107.56 94.85 49.61
356 39.42 58.84 109.41 97.44 45.64
357 39.76 38.89 92.31 75.91 40.98
358 39.43 34.23 93.78 85.66 47.89
359 39.74 49.76 107.02 90.25 44.40
360 39.89 84.74 99.63 77.44 34.14
361 39.75 63.55 113.79 99.50 43.75
362 40.38 52.46 101.42 85.70 41.67
363 39.80 94.44 30.43 29.63 10.83
364 39.98 73.77 114.92 90.53 39.49
365 40.06 45.65 110.55 94.54 52.00
366 40.13 55.70 118.96 103.38 45.99
367 40.10 6.11 68.10 68.84 46.35
368 40.26 88.25 108.25 85.38 34.58
369 40.40 21.50 90.89 79.07 47.67
370 40.51 66.83 110.18 88.93 39.35
371 40.42 11.43 75.56 75.58 43.04
372 40.79 24.74 89.22 80.14 44.31
373 40.78 17.89 85.87 76.62 45.84
374 40.75 28.96 95.69 84.25 46.33
375 40.94 76.65 111.40 86.70 34.02
376 40.80 36.62 114.52 92.15 53.30
377 40.86 80.26 121.71 83.36 38.66
378 40.90 61.60 123.13 103.48 45.94
379 41.28 32.96 102.23 86.94 46.27
380 41.03 70.51 123.81 96.29 40.91
381 41.32 90.96 84.41 72.13 27.20
382 41.17 42.77 110.03 90.06 46.40
383 41.30 8.30 81.06 74.53 47.99
384 41.37 58.20 119.75 102.59 42.88
385 41.41 94.53 35.56 28.21 12.19
386 41.59 4.08 53.73 52.37 32.98
387 41.60 14.49 87.60 76.41 44.01
388 41.42 47.49 104.45 81.31 40.67
389 41.94 86.98 106.93 76.05 30.96
390 41.81 83.63 128.33 90.71 38.77
391 42.02 55.07 124.04 98.38 42.72
392 42.08 73.43 131.94 100.95 40.77
393 42.25 64.50 126.23 95.73 40.95
394 42.35 19.62 91.50 76.91 42.34
395 42.34 40.39 110.71 80.41 43.54
396 42.49 26.17 96.23 80.97 41.73
397 42.28 67.67 128.05 97.15 42.31
398 42.77 2.12 37.76 36.37 20.60
399 42.46 51.70 123.42 90.52 41.49
400 42.47 37.09 112.72 83.70 43.77
401 42.54 29.85 101.76 80.66 40.48
402 42.72 9.48 78.28 66.88 38.06
403 42.62 61.12 121.95 96.86 37.51
404 42.55 80.13 123.54 86.16 35.95
405 42.93 22.79 101.17 82.46 43.32
406 43.00 75.95 120.18 81.50 34.52
407 42.82 48.11 125.09 86.82 42.80
408 43.00 44.21 110.47 79.84 40.48
409 43.11 71.03 123.88 91.06 36.02
410 42.90 11.83 91.17 75.62 40.77
411 43.15 92.60 62.57 46.77 19.52
412 43.32 34.23 104.34 78.98 39.52
413 43.39 16.53 92.96 78.57 39.39
414 43.22 13.41 80.29 72.79 39.86
415 43.51 57.65 133.36 99.39 40.61
416 43.57 88.14 111.87 78.60 31.23
417 43.58 6.03 70.76 61.08 37.15
418 43.76 83.83 116.25 78.92 31.38
419 43.89 54.13 120.52 87.19 37.37
420 43.94 66.80 117.72 81.89 32.91
421 44.07 78.97 122.75 78.49 30.03
422 44.13 30.83 106.98 81.43 39.44
423 44.23 39.95 105.00 71.25 35.78
424 44.26 49.13 115.93 73.35 35.78
425 44.24 60.92 130.16 100.64 37.19
426 44.36 19.92 101.52 80.81 41.26
427 44.54 27.59 106.91 82.91 39.70
428 43.85 63.29 79.80 44.80 26.20
429 44.84 2.73 46.93 38.93 24.41
430 44.63 10.81 86.71 67.06 37.48
431 44.80 24.51 102.41 77.17 39.60
432 44.74 14.63 95.98 72.03 36.71
433 44.58 43.74 123.07 78.20 38.37
434 44.68 70.89 139.61 94.51 36.82
435 44.97 36.63 117.50 75.27 40.12
436 44.85 74.74 133.64 91.21 34.30
437 44.92 90.63 97.11 62.99 25.75
438 44.84 94.56 42.24 28.66 13.02
439 45.18 63.25 135.40 93.11 34.48
440 45.34 33.36 109.19 71.12 36.06
441 45.32 7.80 85.01 62.75 37.22
442 45.36 82.27 125.77 71.80 27.62
443 45.38 52.35 132.23 86.23 37.96
444 45.44 57.16 124.64 80.17 34.17
445 45.60 85.96 118.18 75.19 28.30
446 45.62 46.26 127.21 74.58 39.09
447 45.65 67.02 140.26 93.17 37.99
448 45.69 78.34 137.94 81.19 32.62
449 45.94 21.86 111.46 78.52 38.90
450 46.02 17.57 95.25 70.58 36.51
451 46.16 4.85 71.48 50.56 30.87
452 46.22 42.47 121.50 69.78 34.13
453 46.17 29.04 112.11 78.19 37.17
454 46.28 38.74 121.65 75.30 38.68
455 46.27 13.58 96.96 72.03 36.81
456 46.29 71.17 141.02 88.04 33.97
457 46.33 93.05 69.45 47.27 19.05
458 45.92 10.42 51.36 31.09 18.64
459 46.55 89.16 112.79 69.98 25.01
460 46.76 48.66 114.92 65.81 32.19
461 46.63 59.68 130.76 80.26 33.47
462 46.65 74.77 123.98 71.86 26.92
463 46.92 25.54 109.97 73.76 34.28
464 46.87 64.07 139.04 86.13 34.58
465 47.01 32.31 120.03 75.56 37.36
466 46.95 52.72 126.92 72.49 31.55
467 47.09 81.31 123.07 66.98 27.49
468 47.24 7.95 81.51 57.51 29.08
469 47.48 3.19 48.34 33.97 19.67
470 47.22 11.08 103.88 71.15 36.28
471 47.38 35.70 127.89 74.43 39.27
472 47.37 67.64 139.13 81.08 34.03
473 47.45 20.38 108.06 73.69 35.64
474 47.58 56.25 138.04 78.92 34.25
475 47.63 85.79 126.38 70.54 27.10
476 47.66 44.18 129.19 73.66 33.02
477 47.80 76.65 144.44 75.26 30.62
478 47.77 16.88 101.83 65.53 32.25
479 47.98 40.02 119.19 67.40 33.11
480 47.94 93.48 67.55 41.81 17.05
481 48.10 28.63 116.07 67.56 31.36
482 47.96 61.17 148.25 83.47 34.00
483 48.32 70.98 132.98 70.47 29.05
484 48.27 23.64 115.22 73.91 33.66
485 48.32 89.48 123.69 72.69 26.19
486 48.49 13.58 107.03 68.65 34.26
487 48.56 49.77 132.42 70.42 30.29
488 48.74 46.32 139.23 73.39 34.43
489 48.73 53.52 145.71 75.61 31.97
490 49.41 81.25 120.65 62.35 24.74
491 48.85 6.79 90.68 58.61 31.76
492 48.92 31.72 124.39 68.96 32.97
493 49.03 63.66 142.58 78.28 32.01
494 49.05 78.59 150.63 70.35 28.72
495 48.85 35.80 128.28 67.85 33.13
496 49.08 73.84 146.32 70.40 29.68
497 48.98 67.36 154.97 81.77 32.53
498 49.24 10.48 102.53 60.69 32.14
499 49.12 58.51 143.42 74.79 31.69
500 49.31 20.39 114.18 71.34 31.95
501 49.44 84.62 130.99 63.09 24.57
502 49.41 16.65 116.65 69.75 33.92
503 49.56 25.43 117.08 67.52 31.82
504 49.69 41.27 121.60 60.92 29.14
505 50.20 37.72 119.45 56.36 27.46
506 49.88 89.82 118.78 63.26 22.47
507 50.20 93.70 60.74 35.94 12.81
508 50.20 44.68 124.06 64.04 28.38
509 50.19 55.98 138.20 65.10 28.86
510 50.32 28.83 129.76 65.63 33.90
511 50.28 48.71 134.75 65.05 29.05
512 50.65 52.29 140.56 67.60 28.11
513 50.34 76.65 150.16 69.95 28.36
514 50.40 69.05 135.51 65.23 27.22
515 50.48 32.88 124.75 61.34 30.39
516 50.39 61.19 150.28 71.81 29.88
517 50.71 6.83 86.02 49.02 25.73
518 50.65 14.68 118.41 62.75 32.16
519 50.78 22.21 121.88 65.36 29.93
520 50.81 64.73 144.02 67.53 27.93
521 50.94 87.03 134.21 62.73 23.85
522 50.79 10.75 99.55 53.97 26.79
523 50.93 73.76 148.83 63.96 27.09
524 51.17 18.82 109.08 60.54 27.52
525 51.19 83.69 140.01 65.84 23.98
526 51.36 26.12 120.52 60.85 29.16
527 51.52 42.36 138.38 62.77 28.53
528 51.71 78.55 147.12 64.80 25.96
529 51.70 60.01 140.36 58.88 26.22
530 51.64 71.19 169.08 78.31 29.71
531 51.78 90.55 113.16 59.97 18.70
532 51.76 35.29 145.39 64.64 31.44
533 51.75 55.94 151.54 64.10 29.09
534 52.32 38.41 127.57 58.70 27.80
535 52.06 94.48 52.06 29.49 10.90
536 52.20 46.12 138.25 60.76 26.85
537 52.03 49.62 151.70 68.45 28.08
538 52.01 30.98 128.06 55.72 28.65
539 52.21 65.57 145.66 59.96 26.03
540 52.32 13.28 117.88 56.17 28.01
541 52.29 9.43 109.46 56.01 28.15
542 52.32 16.37 124.50 61.78 27.90
543 52.48 81.50 152.76 64.16 24.73
544 52.56 23.88 117.17 56.70 26.28
545 52.42 52.85 144.91 65.65 22.73
546 52.63 69.26 153.74 65.24 26.89
547 52.71 6.00 96.18 47.12 24.09
548 52.66 74.30 153.05 65.76 26.99
549 52.90 85.16 152.66 71.51 23.99
550 52.91 27.79 124.45 56.83 25.97
551 53.33 21.34 122.98 54.99 26.28
552 53.06 42.25 140.85 56.99 28.08
553 53.41 88.34 140.70 66.15 22.04
554 53.17 60.70 148.19 56.44 26.03
555 53.30 33.39 138.73 59.23 28.16
556 53.50 18.44 118.78 53.72 26.94
557 53.34 56.48 149.88 56.39 25.53
558 53.46 78.15 151.38 66.11 24.75
559 53.71 91.61 104.80 45.79 16.50
560 53.65 48.20 145.45 62.11 25.98
561 53.76 67.07 150.69 61.43 26.46
562 53.87 12.00 118.90 53.85 26.13
563 53.91 71.84 164.59 65.55 26.39
564 54.07 63.41 150.42 59.77 25.00
565 54.09 8.55 104.90 45.01 22.76
566 54.07 52.84 137.30 56.12 24.00
567 54.15 30.22 142.94 58.09 27.00
568 54.06 82.72 161.89 69.14 24.23
569 54.25 39.13 137.00 56.08 26.04
570 54.50 35.20 141.80 53.66 27.13
571 54.41 75.40 162.60 65.20 24.54
572 54.46 15.65 125.13 54.67 24.74
573 54.64 26.43 123.52 53.83 24.45
574 54.43 43.38 143.05 52.93 25.04
575 54.86 23.29 128.24 56.23 25.77
576 54.78 58.82 147.32 55.09 25.67
577 54.96 79.26 161.44 67.45 23.66
578 55.08 86.97 136.68 62.72 20.75
579 55.07 48.79 156.59 58.56 26.95
580 55.21 70.48 166.93 62.22 26.39
581 55.31 92.56 79.17 37.67 12.50
582 55.34 20.15 132.44 53.59 27.04
583 55.36 67.24 165.36 62.81 24.65
584 55.43 6.91 103.98 40.37 20.91
585 55.81 45.27 143.37 53.51 23.31
586 55.67 12.69 116.06 47.02 22.60
587 55.53 63.61 163.80 59.78 25.85
588 55.47 83.27 169.46 70.48 23.91
589 55.58 30.39 131.12 49.12 24.70
590 55.69 53.07 148.08 56.16 24.62
591 55.79 37.57 147.19 52.88 24.81
592 55.82 73.62 173.81 66.27 25.14
593 55.94 17.16 125.65 51.82 23.28
594 56.09 56.79 155.09 53.56 23.04
595 55.83 76.69 122.72 55.13 20.30
596 56.16 40.97 148.63 52.59 24.44
597 56.38 34.27 133.57 50.30 22.69
598 56.24 89.40 139.92 58.04 18.81
599 56.47 9.68 106.88 40.24 20.55
600 56.45 60.60 161.47 55.45 23.64
601 56.54 27.02 142.83 50.22 25.12
602 56.44 80.25 160.99 60.67 22.54
603 56.48 23.72 139.20 58.31 22.65
604 56.57 49.41 149.63 51.85 22.72
605 56.71 85.02 165.98 61.51 21.86
606 56.76 69.33 170.66 64.43 24.02
607 56.95 65.23 166.39 57.11 23.84
608 57.08 14.97 126.99 48.84 23.61
609 57.01 20.35 135.58 49.33 23.42
610 57.28 30.30 140.01 46.99 25.31
611 57.26 72.72 171.48 60.55 22.66
612 57.33 75.75 154.40 55.50 20.68
613 57.46 91.76 98.99 41.82 14.53
614 57.46 42.73 148.18 51.31 22.91
615 57.65 46.79 155.41 56.38 23.98
616 57.62 51.93 155.93 55.27 21.91
617 57.51 55.45 168.03 56.73 24.61
618 57.72 6.58 98.01 35.24 17.18
619 57.70 38.31 141.74 52.06 22.73
620 57.89 87.87 140.66 54.20 18.11
621 57.92 25.03 142.18 50.03 22.64
622 58.15 58.68 156.08 51.46 21.64
623 58.01 62.04 177.71 59.74 24.88
624 58.09 77.86 170.80 57.75 22.06
625 58.01 81.01 163.28 58.58 20.01
626 58.07 11.50 120.35 40.36 20.30
627 58.01 33.27 152.77 49.61 23.26
628 58.17 83.84 171.28 57.82 21.03
629 58.25 17.99 131.89 43.41 21.85
630 58.20 68.47 175.36 60.37 22.87
631 58.55 2.52 50.54 20.43 10.12
632 58.63 21.51 145.72 48.39 23.62
633 58.58 64.79 167.20 55.72 23.19
634 58.70 14.64 135.15 43.50 21.42
635 58.77 28.99 139.42 45.91 21.09
636 58.73 71.83 182.73 62.60 22.84
637 58.92 35.61 147.32 49.63 20.95
638 59.01 8.83 127.94 39.84 21.21
639 59.02 45.53 152.70 51.72 23.15
640 59.12 50.51 147.77 47.62 21.62
641 59.11 41.29 145.91 50.35 21.52
642 59.09 54.98 158.88 49.03 21.10
643 59.44 74.84 171.47 64.12 22.02
644 59.32 90.68 119.57 43.86 14.76
645 59.40 85.30 172.07 56.06 20.90
646 59.45 5.55 87.54 29.65 13.86
647 59.39 24.55 147.51 45.29 23.65
648 59.61 67.01 171.72 57.59 21.11
649 59.64 61.10 165.63 53.07 21.13
650 59.63 78.77 177.45 53.80 21.37
651 60.13 32.27 137.76 45.55 20.45
652 60.02 82.16 168.68 54.93 20.07
653 59.92 19.04 135.26 44.83 21.28
654 60.13 87.92 152.16 52.64 17.62
655 60.08 37.29 151.45 50.77 20.80
656 60.17 70.51 173.96 58.94 21.06
657 60.47 11.76 114.07 38.37 18.92
658 60.22 57.60 167.12 45.93 20.25
659 60.27 15.09 130.50 40.35 19.49
660 60.27 27.79 148.40 46.53 20.52
661 60.52 45.77 153.40 51.27 20.53
662 60.51 49.71 163.35 48.92 20.17
663 60.75 65.07 159.58 49.56 19.96
664 60.67 7.29 105.37 33.49 15.71
665 60.76 40.88 150.89 52.59 21.15
666 60.95 54.11 146.15 45.49 19.17
667 60.71 23.62 132.83 42.54 18.74
668 60.84 76.79 176.30 57.61 18.45
669 61.15 73.94 178.95 56.74 21.15
670 61.23 62.08 174.74 50.43 19.94
671 61.36 79.86 171.84 55.12 18.68
672 61.48 68.58 178.77 57.40 20.82
673 61.48 17.79 138.50 42.02 19.38
674 61.72 21.26 145.98 39.60 18.85
675 61.53 36.44 146.09 47.44 20.18
676 61.69 84.02 155.01 51.36 17.67
677 61.62 87.64 159.56 53.75 16.68
678 61.67 58.53 175.47 47.44 20.60
679 61.77 31.52 142.58 41.74 19.23
680 61.76 27.02 150.74 43.93 19.87
681 61.81 9.60 131.82 36.76 18.16
682 61.88 44.10 158.36 49.09 20.94
683 61.98 90.94 104.40 38.71 12.61
684 61.86 49.83 159.79 44.49 19.66
685 62.29 71.73 164.78 52.85 18.54
686 62.46 15.05 134.87 37.36 18.42
687 62.36 6.06 111.52 32.48 15.45
688 62.93 11.94 129.31 36.25 17.12
689 62.46 65.94 171.39 48.24 19.11
690 62.68 39.85 149.55 44.86 19.33
691 62.74 53.07 155.76 46.91 18.39
692 62.79 76.15 157.23 51.15 18.16
693 63.03 23.75 136.35 37.52 18.93
694 63.04 47.67 158.49 45.64 19.76
695 63.06 57.63 153.02 42.93 18.74
696 62.91 61.52 169.87 48.35 19.63
697 63.04 79.97 166.19 55.28 17.41
698 63.09 35.13 154.76 46.83 18.53
699 63.28 18.90 143.98 38.56 19.66
700 63.38 27.57 150.59 42.35 17.57
701 63.45 86.73 148.46 48.11 15.35
702 63.41 31.16 152.72 44.50 19.44
703 63.57 83.07 162.83 49.04 16.05
704 63.61 8.32 120.98 31.68 15.63
705 63.61 43.86 154.63 42.33 19.10
706 63.64 68.92 174.87 51.38 20.05
707 63.81 64.50 171.88 46.89 18.34
708 63.91 72.39 176.64 52.74 18.22
709 64.37 37.80 160.08 42.03 19.29
710 64.39 55.99 163.11 42.13 18.44
711 64.32 52.29 158.45 44.50 18.41
712 64.46 14.37 141.52 37.18 17.26
713 64.68 21.75 147.00 38.55 17.49
714 64.74 41.41 162.88 43.66 18.95
715 64.57 48.15 162.72 45.53 18.64
716 64.75 74.73 160.46 49.90 16.23
717 64.74 78.12 159.81 50.21 16.12
718 64.78 33.25 157.08 43.92 19.35
719 65.21 11.63 115.08 29.51 14.53
720 64.80 17.70 153.68 38.12 18.99
721 64.78 60.79 169.16 43.59 17.64
722 64.87 89.09 138.12 44.38 13.10
723 65.27 25.03 136.10 36.99 18.76
724 65.07 29.12 143.81 41.11 18.76
725 65.34 8.56 135.06 29.39 15.22
726 65.19 83.00 172.45 51.55 16.61
727 65.20 65.11 172.36 48.32 17.70
728 65.19 68.79 182.51 49.67 18.32
729 65.64 44.92 165.06 42.49 19.00
730 65.65 5.50 105.68 24.55 11.93
731 65.82 86.21 164.42 45.61 14.60
732 65.78 58.13 178.40 43.65 18.13
733 65.79 50.80 166.05 44.82 18.22
734 66.02 35.68 156.58 38.83 17.35
735 65.99 79.96 167.80 46.56 15.52
736 66.02 71.42 173.12 48.72 17.18
737 66.18 19.37 141.40 35.15 16.68
738 66.16 54.65 176.48 42.02 18.87
739 66.24 39.63 158.65 40.55 17.55
740 66.24 62.43 180.50 46.09 17.34
741 66.53 15.66 134.29 32.62 15.78
742 66.73 74.08 165.39 48.44 18.11
743 66.56 66.76 189.36 48.62 18.85
744 66.67 28.69 149.96 39.62 16.99
745 66.95 32.45 152.38 40.37 17.63
746 66.72 48.06 175.82 44.21 17.89
747 67.00 76.87 164.76 44.15 16.27
748 67.40 21.56 145.50 36.08 17.21
749 66.99 10.54 138.86 31.12 15.73
750 67.05 24.76 159.11 37.01 17.86
751 67.17 83.73 171.72 50.31 14.58
752 67.24 43.61 169.75 43.01 17.12
753 67.54 7.38 113.77 25.71 12.54
754 67.49 52.09 163.28 41.40 17.89
755 67.57 60.59 169.17 44.52 17.12
756 67.42 69.41 190.25 48.20 17.51
757 67.42 57.23 179.75 44.88 17.20
758 67.65 80.23 179.44 53.08 15.76
759 67.79 13.50 141.33 36.61 14.94
760 67.65 64.50 188.42 49.72 16.99
761 67.84 36.44 160.18 40.56 17.06
762 67.89 40.32 167.91 40.48 17.96
763 68.13 87.35 149.90 48.65 13.10
764 68.27 18.26 152.67 37.37 16.96
765 68.14 47.53 160.82 39.06 16.44
766 68.32 26.87 164.61 39.37 17.86
767 68.66 71.78 168.46 46.55 15.92
768 68.65 30.38 167.17 41.23 17.05
769 68.73 5.19 104.90 22.24 10.94
770 68.77 54.43 166.16 42.93 15.95
771 68.69 67.45 180.74 46.67 17.95
772 68.79 74.85 187.23 46.95 15.67
773 68.88 33.60 175.66 42.58 17.09
774 68.88 77.74 184.69 47.42 15.76
775 68.93 63.00 178.28 43.41 16.46
776 68.89 83.89 174.15 51.98 14.28
777 69.17 10.02 135.98 29.56 14.28
778 69.03 57.67 171.70 41.43 16.13
779 69.14 22.78 155.94 38.19 16.19
780 69.38 44.40 161.60 38.80 15.49
781 69.58 51.40 162.68 40.10 16.54
782 69.45 13.13 141.95 32.60 15.59
783 69.50 80.66 183.37 48.23 15.94
784 69.55 16.05 154.86 38.16 14.57
785 69.30 40.68 175.42 39.47 17.29
786 69.82 37.01 160.04 36.26 15.93
787 69.80 60.55 174.65 40.30 15.73
788 69.71 47.85 169.27 37.63 15.28
789 69.87 28.22 167.43 39.12 17.39
790 69.97 19.26 159.95 37.72 16.92
791 70.07 66.25 183.16 45.56 16.29
792 70.34 7.57 120.90 24.98 10.60
793 70.11 69.29 181.01 47.60 16.50
794 70.50 24.90 162.02 37.34 16.58
795 70.40 32.69 164.32 38.18 16.71
796 70.44 74.50 188.29 46.35 16.14
797 70.63 84.23 166.25 43.70 12.50
798 70.56 57.31 182.71 40.96 16.45
799 70.93 77.92 174.06 45.71 14.22
800 71.06 4.91 88.29 16.78 8.51
801 70.73 41.33 162.56 37.41 16.00
802 70.79 63.97 177.61 41.15 13.99
803 71.11 53.96 170.20 41.69 16.33
804 71.16 71.24 187.16 43.39 15.98
805 71.35 13.65 138.15 31.01 14.48
806 71.17 21.06 153.58 33.91 15.42
807 71.40 44.98 163.96 37.38 15.63
808 71.35 80.93 180.28 45.29 13.66
809 71.53 10.67 138.52 30.62 13.77
810 71.22 48.84 168.45 39.96 15.24
811 71.37 16.82 149.28 32.13 14.72
812 71.51 28.88 145.67 34.61 15.31
813 71.44 36.67 167.63 39.63 15.89
814 71.57 61.25 185.35 41.49 16.08
815 72.08 67.28 173.47 42.73 15.82
816 71.79 32.16 174.41 38.05 15.76
817 71.98 57.63 183.70 40.34 15.46
818 72.23 51.47 171.38 39.22 13.76
819 72.13 74.82 187.75 45.98 15.49
820 72.30 23.25 167.31 35.43 15.25
821 72.17 40.60 172.51 36.99 14.70
822 72.36 26.53 155.25 35.86 15.68
823 72.50 7.29 117.07 23.34 10.52
824 72.44 83.30 165.89 44.56 12.62
825 72.76 63.32 173.26 40.74 14.42
826 72.56 19.17 167.04 34.01 13.40
827 72.60 71.17 193.56 46.47 15.79
828 72.81 79.26 193.06 48.94 15.03
829 72.94 36.97 168.82 37.40 14.92
830 72.96 44.39 176.58 36.94 14.86
831 73.08 48.17 175.92 39.12 14.54
832 73.03 15.82 144.58 31.64 14.05
833 72.96 32.96 164.67 37.28 15.79
834 73.20 54.63 171.77 37.21 14.65
835 73.34 10.41 143.20 27.68 12.09
836 73.35 58.57 169.78 36.44 15.31
837 73.58 76.70 174.51 43.36 14.02
838 73.73 41.07 156.85 36.57 14.15
839 73.67 65.95 192.15 40.69 15.64
840 73.91 27.71 129.22 32.20 13.46
841 73.94 69.19 181.28 44.17 14.91
842 73.80 20.82 160.27 32.34 14.06
843 73.91 24.12 172.07 36.58 14.32
844 73.95 73.01 187.95 45.79 14.24
845 73.88 81.21 184.59 39.94 13.18
846 74.13 51.45 167.30 37.49 14.53
847 74.17 13.03 149.61 30.73 13.34
848 74.18 31.50 167.73 37.45 14.82
849 74.30 60.92 187.97 41.08 14.94
850 74.26 35.44 187.55 40.88 15.94
851 74.55 44.96 166.48 36.05 14.60
852 74.52 17.60 154.08 31.10 13.30
853 74.83 38.61 168.37 35.55 13.92
854 74.89 48.28 184.49 36.07 14.57
855 74.88 64.23 176.87 42.31 14.54
856 74.93 8.54 125.72 22.22 9.69
857 74.86 54.89 180.72 39.64 15.42
858 75.43 77.26 176.28 41.15 13.75
859 75.28 74.41 199.88 46.34 13.99
860 75.50 58.13 175.49 36.18 13.91
861 75.29 80.85 177.03 40.94 12.27
862 75.43 14.44 162.37 32.03 14.23
863 75.42 23.84 166.17 33.54 14.46
864 75.82 20.55 141.96 29.79 13.09
865 75.58 41.61 174.55 37.87 14.32
866 75.64 67.08 183.46 42.05 13.84
867 75.25 28.48 71.98 26.07 12.46
868 75.63 70.32 185.56 40.66 14.58
869 75.42 31.50 176.62 34.84 12.97
870 75.69 35.04 168.95 36.68 13.99
871 75.99 61.80 178.28 40.43 14.95
872 76.13 11.26 148.86 28.44 11.53
873 76.01 26.32 106.49 27.74 12.15
874 76.11 50.02 155.50 35.65 13.19
875 76.21 17.19 163.57 31.48 14.12
876 76.23 45.16 165.50 35.14 12.78
877 76.47 54.16 167.95 35.36 13.58
878 76.56 37.87 168.06 36.16 13.84
879 76.71 7.81 94.43 16.36 7.81
880 76.58 30.59 177.86 35.68 15.08
881 76.73 72.78 179.68 40.64 12.99
882 76.71 79.26 184.86 41.50 12.36
883 77.11 27.82 185.34 34.61 14.04
884 77.12 14.05 152.75 28.24 11.52
885 77.12 65.80 197.39 41.54 14.00
886 77.04 58.41 182.66 39.70 14.20
887 77.20 33.61 176.58 37.18 14.34
888 77.34 41.20 164.04 34.57 13.56
889 77.40 24.21 142.02 30.85 12.57
890 77.59 76.57 167.89 38.59 11.22
891 77.41 69.10 188.50 40.81 13.72
892 77.40 18.85 153.60 31.63 13.96
893 77.57 62.74 186.43 39.39 14.14
894 77.59 50.34 167.50 34.66 13.97
895 77.70 45.72 161.60 35.01 13.31
896 78.05 55.12 163.42 35.42 13.12
897 78.32 10.77 113.97 21.42 8.70
898 78.11 36.27 173.42 37.43 13.57
899 78.44 73.99 175.63 39.03 11.68
900 78.43 59.88 188.06 39.66 13.90
901 78.61 20.74 169.61 30.66 12.75
902 78.77 79.01 155.21 34.82 10.25
903 78.72 31.50 156.27 33.85 12.50
904 78.51 13.95 168.89 29.75 11.61
905 78.56 28.04 178.90 34.70 13.19
906 78.75 70.18 194.95 39.62 12.67
907 78.75 65.75 184.34 39.68 13.77
908 79.12 39.79 157.73 33.68 12.95
909 78.94 17.08 164.63 29.79 12.96
910 79.24 43.08 166.63 33.86 12.88
911 78.97 50.71 159.39 32.58 12.39
912 79.12 23.24 167.45 30.28 12.24
913 79.50 46.55 156.83 31.06 12.30
914 79.59 57.18 174.30 35.83 13.44
915 79.46 62.59 181.41 40.10 13.05
916 79.49 35.28 167.50 31.82 12.39
917 79.61 25.86 179.76 33.01 12.25
918 80.06 54.35 159.91 34.82 13.57
919 80.05 71.85 181.74 38.65 11.52
920 80.13 67.45 184.29 39.97 12.49
921 80.36 10.54 110.51 18.50 7.08
922 80.26 75.07 167.49 36.91 11.02
923 80.02 13.92 150.04 27.69 9.98
924 80.26 28.82 168.58 33.46 11.61
925 80.31 59.78 189.52 38.15 13.36
926 80.44 18.86 141.27 26.88 10.80
927 80.51 32.20 168.68 31.91 13.44
928 80.54 37.79 175.41 32.74 12.98
929 80.54 51.09 189.79 36.12 12.94
930 81.01 77.36 165.88 33.08 9.48
931 80.85 23.73 148.18 29.71 12.09
932 80.89 63.71 177.10 36.47 11.65
933 81.09 47.50 175.04 32.41 12.20
934 81.51 39.99 162.66 30.19 11.61
935 81.39 43.59 156.03 30.27 12.04
936 81.44 69.81 187.58 40.04 12.17
937 81.49 15.03 142.97 23.56 9.85
938 81.62 34.14 156.94 31.37 11.15
939 81.66 59.47 179.71 37.01 12.64
940 81.85 28.44 146.40 29.49 11.29
941 81.89 51.87 173.86 33.69 12.60
942 81.89 66.60 192.88 40.51 12.24
943 82.09 56.21 172.72 33.59 11.65
944 82.09 73.36 169.32 36.20 10.68
945 81.48 20.71 0.00 0.00 0.00
946 82.24 18.91 157.86 29.95 11.22
947 82.39 11.85 124.72 20.82 7.38
948 82.52 21.81 154.47 28.15 11.14
949 82.41 62.75 192.73 36.97 12.46
950 82.78 24.83 159.34 30.27 11.64
951 82.85 36.98 166.20 30.76 11.20
952 82.66 47.61 158.92 30.81 11.32
953 83.12 15.85 158.60 24.90 10.69
954 83.12 69.50 182.28 38.29 12.18
955 83.12 40.72 173.62 33.30 11.78
956 83.33 77.07 131.53 28.83 7.96
957 83.19 33.40 169.97 29.46 11.63
958 83.34 44.07 174.02 32.66 12.67
959 83.60 30.18 147.00 29.36 12.15
960 83.19 53.00 192.67 35.20 11.04
961 83.30 59.74 180.27 34.54 12.47
962 83.46 65.34 178.91 36.33 10.96
963 83.68 73.67 179.08 33.59 9.70
964 84.01 26.64 157.80 29.00 10.87
965 83.97 50.10 178.22 33.63 11.22
966 83.89 55.50 183.34 32.45 11.28
967 84.01 12.05 105.60 18.12 7.19
968 84.38 18.94 150.03 26.76 10.30
969 84.42 22.49 153.90 28.66 11.87
970 84.55 47.03 169.06 31.92 10.92
971 84.56 36.61 164.12 29.95 10.21
972 84.65 63.50 189.74 35.84 11.19
973 84.69 67.86 183.82 37.21 10.34
974 84.74 70.94 188.43 35.34 10.76
975 84.71 15.37 143.40 22.77 9.30
976 84.83 39.99 161.43 30.49 10.97
977 84.86 60.50 179.30 30.52 11.13
978 84.80 57.54 191.36 32.45 11.39
979 84.95 33.34 168.22 29.65 11.07
980 85.11 43.36 163.30 28.82 10.20
981 85.18 52.79 169.61 29.92 10.30
982 85.37 73.92 151.98 26.86 7.59
983 85.49 26.53 161.17 27.82 11.27
984 85.79 30.83 155.85 27.51 10.65
985 85.79 65.79 196.28 37.94 11.46
986 86.17 49.49 172.75 31.29 10.69
987 86.41 19.96 139.62 25.54 9.30
988 86.16 22.86 177.04 29.93 10.19
989 86.35 45.95 154.98 28.41 10.73
990 86.23 56.87 168.16 32.36 11.18
991 86.30 16.49 155.06 21.44 8.23
992 86.19 61.96 187.47 33.59 11.12
993 86.26 36.63 154.51 27.27 10.72
994 86.39 69.40 173.35 31.28 9.71
995 86.64 41.35 167.39 30.07 10.53
996 86.82 53.05 168.28 30.61 10.11
997 86.81 28.20 177.05 29.57 11.04
998 87.06 72.61 146.51 25.88 7.52
999 87.42 33.69 158.72 30.12 10.43
1000 87.23 65.83 176.84 34.42 10.16
1001 87.46 24.41 150.04 26.39 9.66
1002 87.59 58.06 177.34 32.28 10.87
1003 87.75 38.10 159.58 29.19 10.65
1004 87.60 61.43 182.68 32.61 10.59
1005 87.82 43.58 167.70 30.56 10.23
1006 87.85 17.87 131.10 19.99 7.26
1007 88.12 30.27 158.38 24.96 10.11
1008 87.97 49.45 153.64 26.29 9.84
1009 88.18 69.44 157.03 27.42 8.68
1010 88.33 53.75 174.70 30.53 11.02
1011 88.76 46.15 158.50 28.18 9.37
1012 88.45 64.20 188.48 32.72 9.58
1013 88.76 26.36 149.88 26.65 9.07
1014 89.09 22.70 148.07 23.30 8.30
1015 89.00 41.13 161.63 30.34 9.77
1016 89.35 19.78 132.82 20.78 7.38
1017 89.05 56.47 178.98 32.12 10.37
1018 89.14 34.21 164.79 28.23 10.80
1019 89.45 59.66 168.72 32.03 10.21
1020 89.79 38.09 151.99 29.70 9.75
1021 89.57 66.58 174.87 28.93 8.71
1022 89.66 51.80 160.98 29.21 9.95
1023 89.85 62.54 168.26 26.60 9.07
1024 89.90 30.80 151.22 26.26 10.23
1025 89.91 69.53 151.04 25.43 6.95
1026 90.38 48.50 167.81 29.05 10.14
1027 90.29 27.14 162.95 27.27 9.72
1028 90.33 45.15 175.09 30.83 11.23
1029 90.59 41.61 164.48 27.92 10.69
1030 90.58 55.91 178.23 30.70 9.82
1031 90.74 35.60 166.80 27.68 10.98
1032 90.84 23.13 158.19 22.89 7.93
1033 91.26 65.38 144.96 26.16 7.83
1034 91.23 51.77 183.68 31.00 10.49
1035 91.48 58.67 174.89 27.66 9.44
1036 91.61 29.44 154.20 24.45 8.74
1037 91.70 62.03 167.50 25.18 9.11
1038 91.92 32.85 158.59 26.38 9.01
1039 91.97 43.35 171.55 30.15 10.08
1040 92.05 24.93 144.01 21.57 7.81
1041 92.35 46.45 155.78 28.40 9.90
1042 92.23 54.36 170.37 26.09 9.69
1043 92.42 39.56 167.47 29.40 10.56
1044 92.35 36.40 166.46 28.76 11.02
1045 92.62 49.97 172.97 30.14 10.33
1046 92.99 27.32 170.74 26.06 8.42
1047 93.22 57.99 165.90 27.19 8.60
1048 93.56 65.01 125.45 18.05 5.85
1049 93.24 61.60 170.48 24.99 7.87
1050 93.72 41.22 163.29 28.27 9.33
1051 93.76 30.21 166.44 25.22 8.33
1052 93.91 33.43 156.23 25.93 9.18
1053 93.94 54.80 162.88 28.45 9.19
1054 93.97 50.25 178.55 28.94 9.30
1055 94.42 36.62 155.83 26.82 9.26
1056 94.54 46.84 165.05 26.61 10.16
1057 94.65 43.81 157.94 27.12 9.22
1058 94.91 61.08 147.39 21.85 6.78
1059 95.20 52.08 152.95 24.59 8.07
1060 95.26 29.12 146.80 20.67 6.40
1061 95.44 57.79 160.21 21.85 7.04
1062 95.65 39.00 160.35 26.38 9.05
1063 96.23 48.54 156.15 25.32 8.71
1064 96.29 54.57 155.97 21.21 6.51
1065 96.27 42.50 159.78 25.05 8.34
1066 96.28 35.38 165.75 23.99 8.11
1067 97.45 46.41 144.06 21.69 7.66
1068 97.57 40.49 155.80 20.64 7.88

