#<Embryo name> <Cleavage cycle> <Temporal class> <Genes>
cb2 13  - even-skipped caudal bicoid

#Quantitative data
#<Nucleus number> <A-P coordinate> <D-V coordinate> <Fluorescence intensity: channel 1 - eve, channel 2 - cad, channel 3 - bcd>
0 2.43 43.69 20.34 12.92 178.93
1 3.07 39.13 18.77 13.17 167.66
2 3.10 49.99 21.25 13.96 159.19
3 3.72 53.85 16.47 11.54 154.36
4 4.08 43.20 21.41 17.84 169.10
5 4.74 47.45 24.03 17.36 161.67
6 5.44 38.65 21.86 18.58 161.13
7 5.72 50.95 22.66 19.02 149.24
8 5.17 34.92 21.00 15.74 182.57
9 5.27 57.86 13.15 11.03 127.89
10 5.65 54.56 22.55 18.08 161.91
11 5.87 42.23 26.67 19.98 169.33
12 6.54 45.35 26.20 21.05 153.84
13 6.87 32.57 23.22 18.06 176.04
14 7.23 36.48 27.05 20.77 172.30
15 7.28 57.92 22.62 18.39 140.61
16 7.62 49.23 26.66 23.91 158.30
17 7.65 53.69 26.50 24.53 146.78
18 7.41 45.51 27.56 26.71 154.47
19 7.83 61.48 16.72 13.67 123.29
20 8.07 41.16 27.22 22.77 151.02
21 8.15 30.32 23.33 19.24 175.24
22 8.85 46.32 28.62 26.36 158.50
23 9.18 37.00 27.42 23.56 158.86
24 9.62 32.64 28.38 21.56 159.82
25 9.29 56.32 25.74 25.00 136.21
26 9.45 51.47 26.82 25.75 137.78
27 9.67 27.82 22.79 18.05 159.92
28 9.73 60.89 25.93 23.59 136.91
29 9.99 41.37 30.09 25.62 156.52
30 10.38 45.12 31.63 27.39 152.46
31 10.64 64.44 23.56 19.22 124.48
32 10.94 58.39 28.99 31.04 141.69
33 11.44 49.13 28.95 28.16 130.13
34 11.42 34.29 30.32 25.65 163.47
35 11.45 38.22 32.30 26.83 152.06
36 11.35 52.69 30.83 31.17 137.82
37 11.05 41.19 27.63 30.12 150.17
38 11.83 30.27 29.44 23.38 151.11
39 11.57 23.38 21.05 16.59 146.94
40 11.51 26.62 27.42 21.76 164.14
41 11.91 55.85 33.77 33.62 144.39
42 11.93 66.95 20.87 18.51 112.14
43 12.12 62.07 28.33 29.07 122.56
44 12.35 43.81 29.32 26.78 131.41
45 12.87 20.37 22.14 15.51 144.57
46 13.59 57.88 34.66 33.75 123.07
47 13.56 48.24 31.17 31.42 124.12
48 13.47 39.36 31.30 27.83 138.43
49 13.30 34.15 32.38 27.86 145.27
50 13.48 53.34 33.64 34.19 132.43
51 13.43 26.47 31.33 25.23 149.28
52 13.73 66.26 31.16 27.66 110.30
53 13.74 61.69 37.93 34.28 127.16
54 14.40 29.96 29.98 26.74 144.51
55 14.31 22.13 28.59 23.47 145.36
56 14.39 44.40 31.79 32.11 130.39
57 13.79 36.38 0.00 0.00 0.00
58 15.01 35.45 32.55 30.44 144.13
59 15.11 51.41 34.79 36.64 132.43
60 15.15 62.91 36.99 38.26 124.63
61 15.53 39.93 31.53 30.77 132.10
62 15.58 55.46 36.35 38.55 131.78
63 15.37 72.24 24.89 23.92 91.07
64 15.49 25.64 32.77 27.22 143.68
65 15.82 58.92 37.67 38.28 118.69
66 15.95 66.18 37.55 37.61 106.41
67 16.14 31.95 32.87 29.67 130.08
68 16.24 69.40 36.76 35.75 95.60
69 16.56 47.74 34.22 35.57 121.57
70 16.27 44.08 32.42 35.69 130.01
71 16.58 22.24 31.92 27.42 130.26
72 16.46 15.30 24.49 18.69 144.03
73 16.89 37.41 35.64 37.74 144.88
74 17.04 27.53 35.69 30.89 137.59
75 17.13 50.96 36.46 38.27 122.91
76 17.27 18.71 30.13 26.08 133.14
77 16.94 62.85 40.30 43.13 111.72
78 17.50 54.30 37.71 39.37 116.71
79 17.90 41.21 35.64 35.09 123.96
80 17.73 73.17 33.20 30.55 86.84
81 17.74 59.68 37.71 41.33 113.77
82 18.10 34.77 36.52 34.16 130.43
83 18.15 30.93 39.32 34.73 138.92
84 18.26 66.27 42.42 41.97 96.57
85 18.30 69.90 40.85 43.20 98.83
86 18.43 44.96 37.30 36.91 121.85
87 18.49 56.57 44.40 47.68 127.29
88 18.43 14.83 28.94 21.92 135.41
89 18.81 21.59 37.67 29.50 129.24
90 18.69 25.98 38.30 34.40 136.69
91 19.16 62.64 45.73 44.26 103.22
92 19.36 47.99 40.60 38.70 117.97
93 19.29 38.78 36.79 34.18 119.56
94 19.35 52.48 40.44 44.56 114.93
95 19.46 17.33 35.91 29.87 140.90
96 19.87 72.31 41.38 43.34 82.70
97 19.88 58.40 46.27 47.07 109.34
98 20.11 33.69 37.53 36.51 126.05
99 19.95 29.98 42.60 38.63 140.96
100 20.03 67.87 46.93 46.32 90.42
101 20.41 12.23 24.94 19.12 103.52
102 20.40 25.63 40.70 36.45 134.10
103 20.71 44.59 42.54 43.12 113.00
104 20.86 20.09 42.40 30.96 124.31
105 20.68 75.38 46.45 43.34 81.97
106 21.12 54.75 43.04 43.57 100.55
107 20.93 36.78 40.75 43.85 134.34
108 20.88 49.96 42.86 45.30 115.59
109 21.04 41.07 42.73 44.94 130.66
110 21.18 64.73 53.20 48.25 94.86
111 21.13 78.81 40.57 32.92 70.01
112 21.19 61.08 50.92 53.04 104.08
113 21.28 16.39 38.56 29.29 117.50
114 21.75 23.11 44.19 37.56 132.80
115 21.89 68.24 54.90 50.17 89.91
116 21.99 31.58 45.86 42.61 124.62
117 22.00 72.10 53.41 47.33 81.41
118 22.28 57.71 49.46 52.35 106.72
119 22.11 27.52 45.95 40.66 130.58
120 22.43 46.69 47.83 46.55 110.44
121 22.60 38.94 46.08 46.64 120.09
122 22.36 51.09 52.23 51.23 113.33
123 22.43 75.84 50.50 46.19 74.50
124 22.64 14.07 42.43 29.89 116.40
125 22.75 35.31 44.23 46.44 123.53
126 22.97 42.82 46.03 47.82 110.86
127 23.02 62.07 54.02 53.46 90.97
128 23.33 18.96 45.63 33.45 108.70
129 23.53 53.62 49.09 52.45 98.56
130 23.26 23.34 46.53 41.40 124.80
131 23.83 65.59 57.79 56.44 90.17
132 23.58 69.31 60.24 56.33 85.92
133 23.96 28.07 46.32 43.45 112.47
134 24.00 48.96 50.39 52.46 109.17
135 24.14 31.99 46.91 43.03 106.20
136 24.40 72.14 61.29 53.02 73.74
137 23.97 57.57 53.46 54.39 101.22
138 24.07 76.22 60.82 51.11 74.14
139 24.29 11.44 37.13 25.46 93.15
140 24.54 40.18 49.84 47.24 108.06
141 24.46 44.75 52.31 56.45 111.62
142 24.59 15.51 47.10 34.82 103.03
143 24.47 36.08 45.06 46.87 106.08
144 24.84 24.04 52.80 45.13 116.60
145 24.90 61.65 57.47 55.62 88.90
146 25.45 18.87 49.15 36.96 97.62
147 25.35 79.94 63.78 47.08 63.18
148 25.22 51.85 56.14 54.04 100.70
149 25.65 68.14 62.76 56.89 81.35
150 25.47 57.21 60.11 62.59 97.61
151 25.61 47.10 56.04 55.26 106.90
152 25.70 75.51 75.39 60.86 74.94
153 26.04 30.40 52.87 43.57 100.41
154 26.19 26.64 55.38 49.03 107.16
155 26.13 34.19 53.42 50.32 104.14
156 26.37 42.73 56.35 55.48 102.90
157 26.22 13.38 51.66 33.64 98.36
158 26.17 38.61 53.22 52.26 99.36
159 26.80 10.51 40.09 25.24 76.94
160 26.37 62.96 60.45 62.21 79.53
161 26.35 22.31 59.49 45.95 110.61
162 26.43 72.13 71.47 62.10 71.83
163 26.52 53.70 62.33 62.19 97.11
164 26.81 58.46 60.49 62.20 86.54
165 26.92 47.59 64.70 64.09 106.55
166 27.17 65.94 66.91 65.88 78.64
167 27.18 77.24 77.55 59.27 64.19
168 27.28 81.02 70.31 48.90 64.01
169 27.35 16.43 54.54 42.52 95.51
170 27.65 20.24 58.55 46.42 94.07
171 27.32 36.60 64.58 53.43 101.78
172 27.69 50.64 64.75 64.63 96.52
173 27.68 29.74 58.68 47.91 91.50
174 27.84 69.68 78.65 68.67 77.96
175 27.97 24.40 59.86 47.91 91.60
176 27.75 82.91 69.33 57.70 48.69
177 28.22 41.01 65.46 60.36 94.53
178 28.43 73.47 77.13 63.23 67.08
179 28.32 33.92 62.08 55.13 98.02
180 28.14 44.75 66.32 68.40 105.07
181 28.21 59.29 66.76 66.26 82.68
182 27.95 37.87 69.68 59.08 93.75
183 28.25 55.00 70.33 72.54 93.89
184 28.62 62.60 65.58 63.87 73.31
185 28.77 14.99 62.83 40.44 89.64
186 28.74 85.79 60.38 44.16 51.58
187 29.17 11.38 51.18 31.01 72.78
188 29.30 76.46 84.14 70.03 66.23
189 29.09 27.43 66.19 55.73 94.41
190 29.20 47.45 75.96 70.71 96.68
191 29.05 66.65 76.44 76.25 81.50
192 29.11 80.18 77.30 64.32 59.32
193 29.29 52.12 73.29 75.67 98.18
194 29.50 38.56 71.65 66.36 97.78
195 29.35 19.51 65.33 50.27 93.94
196 29.45 70.83 78.95 58.50 71.54
197 29.76 31.22 65.91 60.37 93.21
198 29.98 22.89 64.06 51.92 85.71
199 29.80 43.06 78.69 72.44 101.93
200 29.83 57.20 74.65 70.38 79.47
201 30.14 82.42 76.17 67.12 57.34
202 30.12 35.17 65.98 62.26 90.25
203 29.95 7.91 41.53 24.06 71.62
204 30.29 64.15 80.76 74.73 73.04
205 30.40 86.27 70.81 59.87 53.86
206 30.59 16.14 60.88 41.73 75.59
207 30.20 50.09 78.00 64.30 92.16
208 30.29 69.72 75.98 72.08 56.37
209 30.64 26.04 72.79 54.14 81.63
210 30.83 60.37 79.95 73.52 73.54
211 30.92 73.72 80.97 73.52 64.31
212 30.99 45.84 82.53 76.82 95.26
213 31.12 53.61 81.79 70.71 80.71
214 30.64 8.03 46.71 32.38 66.07
215 30.91 49.39 77.16 81.50 76.40
216 31.56 67.42 81.91 73.16 66.49
217 31.38 11.64 60.69 39.06 73.48
218 31.31 78.54 76.70 66.55 53.91
219 31.43 38.32 83.56 68.61 90.84
220 31.46 29.99 75.55 59.79 85.90
221 31.41 41.95 91.18 80.38 98.84
222 31.65 34.27 82.90 69.27 92.42
223 31.75 83.41 74.40 68.24 52.63
224 32.01 58.17 79.32 77.10 72.35
225 31.80 21.82 76.27 52.17 78.72
226 32.13 7.83 54.03 30.25 66.44
227 32.06 63.12 83.15 78.93 71.07
228 32.26 14.92 70.39 45.45 72.20
229 32.27 70.81 84.19 75.55 61.31
230 32.37 48.38 94.10 80.43 89.09
231 32.41 87.33 70.77 59.97 46.81
232 32.34 26.22 74.39 57.46 77.91
233 32.68 18.83 74.17 51.58 75.33
234 32.73 74.93 80.92 79.48 58.77
235 32.85 51.43 96.30 85.24 80.82
236 32.66 44.80 97.53 89.32 94.31
237 32.52 54.85 97.29 70.38 82.58
238 33.19 79.24 82.72 77.15 55.18
239 33.10 37.28 91.66 75.07 87.58
240 33.07 41.13 96.12 84.62 87.85
241 33.28 32.92 79.29 62.83 76.14
242 33.29 29.36 86.78 70.52 82.34
243 33.45 11.35 66.03 39.00 65.11
244 33.34 83.19 81.94 76.55 50.02
245 33.71 67.42 86.81 82.78 63.52
246 33.66 57.73 91.66 84.22 73.23
247 33.53 62.24 81.63 75.99 63.58
248 33.77 22.94 77.61 59.52 73.32
249 33.38 54.38 92.98 96.14 62.93
250 33.44 64.75 86.68 68.64 52.93
251 33.88 16.17 78.54 51.91 69.13
252 34.17 71.24 88.67 81.01 58.48
253 34.24 26.46 91.89 68.16 79.00
254 33.88 45.72 100.05 75.30 90.50
255 34.34 7.74 57.59 37.85 58.77
256 34.32 48.84 102.86 88.46 82.43
257 34.29 44.05 99.76 98.39 76.23
258 34.53 20.28 85.06 54.35 73.49
259 34.37 36.00 100.70 84.38 83.13
260 34.54 76.49 86.38 97.36 59.10
261 34.46 53.28 102.91 90.42 73.50
262 34.79 41.33 99.22 75.43 71.14
263 34.91 83.66 72.96 73.13 44.77
264 35.06 59.45 94.17 87.50 67.35
265 35.02 30.23 90.27 70.29 72.78
266 35.01 63.55 88.10 83.04 62.00
267 35.21 14.82 82.24 51.65 66.62
268 35.42 10.39 67.19 39.49 54.92
269 35.50 90.22 63.39 60.31 36.50
270 35.52 33.83 93.08 79.15 70.79
271 35.51 46.22 113.96 92.84 83.57
272 35.59 66.76 86.88 72.56 57.79
273 35.71 78.53 78.32 82.48 52.83
274 35.70 37.73 105.49 83.85 71.29
275 35.63 55.45 101.92 94.68 71.92
276 35.68 50.94 104.66 97.56 74.00
277 35.73 72.84 86.99 84.00 55.17
278 36.07 22.97 91.95 64.16 68.59
279 35.84 26.13 85.67 66.02 69.74
280 35.58 39.51 120.61 90.84 77.41
281 36.29 19.58 89.26 62.93 69.42
282 35.89 68.70 85.52 89.58 49.65
283 36.31 6.61 59.54 37.44 54.89
284 36.30 82.93 84.07 94.37 54.03
285 36.75 87.26 74.79 80.96 45.16
286 36.59 12.53 76.04 52.94 61.60
287 36.71 40.93 119.68 94.17 77.19
288 36.42 62.83 90.03 89.38 58.45
289 36.67 44.69 115.63 107.99 82.33
290 36.91 16.86 77.37 59.18 64.12
291 36.81 31.80 99.79 81.19 72.03
292 36.89 28.57 97.28 76.50 69.75
293 36.87 35.61 109.16 94.62 75.51
294 36.81 57.09 105.07 98.38 68.87
295 36.97 48.76 113.68 102.94 79.41
296 37.33 52.75 102.76 94.95 67.47
297 36.92 60.68 82.01 77.41 55.08
298 37.06 69.63 83.88 85.05 51.47
299 37.15 75.09 87.93 98.27 56.76
300 37.42 91.32 63.98 60.22 36.50
301 37.43 79.80 83.01 97.25 53.78
302 37.50 65.04 82.29 66.93 47.53
303 37.83 25.39 88.49 72.96 64.53
304 37.55 8.75 68.25 47.72 54.29
305 37.75 38.24 117.63 107.03 76.59
306 37.86 84.45 79.60 88.83 47.29
307 37.97 21.34 85.06 65.06 61.35
308 38.02 13.28 80.45 56.96 58.03
309 38.01 44.45 112.05 105.25 76.78
310 38.02 62.50 82.35 91.48 51.18
311 38.20 57.49 102.51 98.76 63.78
312 38.15 32.53 95.14 72.72 54.06
313 38.54 40.89 109.55 98.22 69.48
314 38.17 9.81 68.89 37.04 49.77
315 38.45 28.29 90.55 69.88 51.73
316 38.36 68.57 83.65 97.70 52.95
317 38.45 48.80 105.18 103.77 69.60
318 38.25 17.87 80.86 50.16 58.98
319 38.79 72.82 89.12 92.16 51.72
320 38.62 76.85 85.28 96.08 51.26
321 38.63 36.08 101.47 78.57 61.20
322 38.75 16.73 89.88 76.49 60.75
323 39.19 89.23 71.77 76.85 37.67
324 39.04 53.22 97.23 99.93 61.35
325 39.16 82.13 87.53 100.60 49.62
326 39.34 6.07 57.65 35.52 44.16
327 39.35 60.07 85.85 94.49 55.35
328 39.29 30.59 96.44 85.20 61.61
329 39.54 92.39 66.08 71.67 33.47
330 39.25 65.28 93.50 108.16 56.93
331 39.53 85.90 73.65 90.77 40.70
332 39.40 10.46 75.19 53.45 53.23
333 39.54 24.39 81.66 69.24 55.33
334 39.61 14.72 79.99 62.18 56.51
335 39.50 20.47 90.35 76.04 62.61
336 39.61 45.58 101.22 103.81 66.37
337 39.86 42.55 105.91 105.54 67.86
338 39.84 78.89 95.73 107.02 52.42
339 39.84 34.96 103.75 103.57 65.06
340 39.79 49.39 106.65 111.90 63.35
341 40.12 69.33 85.08 96.83 48.24
342 40.29 56.12 94.74 101.94 57.81
343 40.26 38.90 106.63 103.00 67.81
344 40.58 73.35 87.43 100.78 48.79
345 40.51 63.48 83.60 89.59 46.54
346 40.94 17.84 86.67 68.10 53.00
347 40.71 9.00 77.54 55.96 49.17
348 40.69 31.91 99.78 102.49 62.59
349 40.95 25.66 90.12 84.40 58.88
350 40.90 52.65 95.62 106.38 58.25
351 41.23 13.39 81.58 60.76 51.81
352 40.94 21.26 97.95 87.21 59.25
353 41.21 85.86 76.66 88.09 38.50
354 41.09 77.08 83.30 100.13 45.18
355 41.55 28.57 88.28 84.85 54.56
356 41.02 48.50 107.60 111.18 62.86
357 41.21 81.75 82.96 104.61 44.92
358 41.32 5.60 60.35 41.90 42.13
359 41.58 89.21 73.55 90.26 38.02
360 41.31 59.54 92.26 110.13 54.96
361 41.35 93.94 64.33 68.08 30.40
362 41.48 44.76 109.24 116.01 66.69
363 41.31 35.64 96.14 97.75 59.50
364 41.39 41.51 110.10 119.76 65.79
365 41.70 68.09 83.06 104.03 48.45
366 42.09 22.92 105.60 92.81 62.58
367 42.19 63.74 82.53 106.00 49.81
368 42.25 38.93 99.58 109.42 56.39
369 42.17 55.02 97.64 120.22 58.94
370 42.16 31.81 94.56 97.75 56.35
371 42.23 72.71 78.53 106.08 44.78
372 42.22 8.84 73.58 58.36 47.10
373 42.39 51.06 97.86 120.97 63.07
374 42.47 47.65 103.67 123.78 59.26
375 42.59 77.95 86.69 114.26 46.86
376 42.64 16.16 81.97 71.84 51.51
377 42.85 91.29 70.40 95.26 35.68
378 42.90 19.79 88.92 79.40 51.33
379 42.92 11.80 76.28 61.63 45.04
380 42.91 82.13 79.38 111.30 43.67
381 42.95 26.31 97.22 94.30 56.23
382 42.81 35.54 101.78 113.24 58.25
383 42.89 58.32 88.42 110.18 49.71
384 43.15 42.03 110.23 119.58 59.88
385 43.26 94.86 60.97 71.98 29.59
386 43.33 86.49 75.94 100.02 38.57
387 43.34 45.29 101.95 122.34 56.88
388 43.40 67.68 79.00 104.25 44.25
389 43.67 6.60 67.72 51.34 39.91
390 43.51 31.81 79.56 92.46 50.36
391 43.51 74.36 85.10 117.50 46.71
392 43.72 62.59 76.57 103.05 43.57
393 43.74 23.08 93.25 94.62 55.45
394 43.76 53.62 92.48 111.91 52.56
395 44.00 37.72 95.02 110.40 54.90
396 43.99 48.83 96.30 120.39 56.04
397 44.19 28.99 90.54 106.12 53.94
398 44.25 14.20 80.11 74.37 46.08
399 44.40 18.41 79.69 79.96 46.97
400 44.31 58.04 85.74 118.97 48.25
401 44.51 70.52 86.97 117.02 45.43
402 44.53 79.56 82.21 121.59 43.38
403 44.68 89.05 68.07 100.04 34.23
404 44.61 83.77 77.82 109.63 38.91
405 44.62 10.37 75.46 65.48 42.33
406 44.91 25.96 87.87 91.23 48.65
407 44.94 34.49 81.66 93.63 45.33
408 44.57 41.56 104.46 126.47 57.27
409 44.87 93.12 68.95 98.28 35.25
410 44.92 45.49 104.33 127.58 57.41
411 44.93 75.87 80.89 125.56 43.57
412 45.25 65.16 74.78 106.76 43.01
413 45.06 51.11 88.81 123.50 52.13
414 45.20 22.04 87.97 96.82 51.22
415 45.29 6.52 61.79 58.87 37.38
416 45.39 60.41 75.78 113.94 44.19
417 45.44 55.12 83.55 123.09 47.61
418 45.58 30.90 79.62 105.02 49.62
419 45.64 15.52 77.27 82.68 44.79
420 45.69 38.20 84.48 112.63 50.05
421 45.83 72.88 76.05 125.73 42.40
422 46.00 41.80 92.36 127.87 54.10
423 46.12 68.70 82.37 124.08 44.62
424 46.12 48.21 96.84 137.99 54.94
425 46.14 86.78 72.99 116.20 36.77
426 46.27 18.65 81.08 89.45 46.84
427 46.15 81.70 71.97 116.18 40.06
428 46.21 11.18 71.26 65.71 38.62
429 46.58 91.53 64.54 96.24 30.71
430 46.59 22.98 74.14 86.14 43.64
431 46.51 27.66 84.89 101.17 47.55
432 46.53 45.12 92.83 135.28 52.61
433 46.62 76.94 71.75 117.58 39.34
434 46.59 52.80 82.84 132.33 48.69
435 46.57 5.92 56.96 63.28 34.81
436 46.78 57.26 83.42 126.26 47.66
437 46.85 32.86 82.56 109.32 46.69
438 46.86 62.19 73.72 118.50 43.87
439 47.03 36.54 79.38 115.86 49.05
440 47.10 7.38 58.71 39.54 29.67
441 47.37 14.62 67.29 79.22 40.16
442 47.58 64.82 63.81 96.76 38.61
443 47.12 73.01 78.95 131.90 43.10
444 47.59 39.81 79.42 132.73 50.41
445 47.42 50.29 93.57 154.74 53.60
446 47.54 83.96 75.55 127.44 39.53
447 47.47 67.09 73.34 125.26 39.13
448 47.71 42.91 83.54 130.14 51.38
449 47.68 88.32 72.51 124.89 37.49
450 47.54 71.29 69.76 129.20 40.77
451 47.65 10.21 70.07 84.80 43.46
452 47.83 18.16 73.95 91.39 42.49
453 47.83 25.72 79.92 111.32 43.86
454 48.06 30.32 75.43 105.88 42.16
455 47.93 79.89 70.20 123.57 37.79
456 48.29 48.53 79.79 134.12 47.50
457 48.07 59.13 69.69 128.86 42.39
458 48.26 21.40 78.57 101.88 44.45
459 48.57 45.55 83.11 141.87 49.35
460 48.24 53.97 79.37 126.61 45.00
461 48.31 95.19 58.98 90.76 27.33
462 48.43 34.35 74.09 115.20 44.77
463 48.47 75.16 68.67 123.87 38.88
464 48.92 90.55 61.81 107.68 31.20
465 48.63 69.79 68.57 123.71 38.40
466 48.62 7.25 58.02 68.07 33.55
467 49.08 11.38 58.90 68.94 34.12
468 48.99 38.34 72.91 131.35 45.79
469 49.27 14.98 66.30 82.25 37.95
470 49.17 61.80 68.00 122.03 39.79
471 49.08 85.57 68.10 123.92 36.37
472 49.23 65.92 69.73 132.16 40.15
473 49.26 23.97 70.05 109.10 41.84
474 49.26 27.98 68.74 105.58 40.15
475 49.36 79.94 66.91 125.66 36.34
476 49.35 42.39 81.85 148.74 49.77
477 49.40 56.30 73.32 133.93 42.35
478 49.56 18.49 70.80 104.76 41.36
479 49.79 52.07 72.84 133.37 43.82
480 49.98 31.91 67.19 113.87 41.14
481 49.82 48.14 79.78 147.88 49.40
482 49.93 93.67 60.62 104.50 27.83
483 50.17 72.06 68.08 124.49 37.32
484 50.17 35.76 71.54 126.81 44.19
485 50.22 76.01 66.14 132.02 37.45
486 50.23 7.73 51.73 68.88 30.41
487 50.50 82.02 68.79 134.34 35.61
488 50.58 44.50 71.84 139.74 47.26
489 50.62 67.86 67.10 131.16 37.63
490 50.62 20.64 66.63 97.20 37.96
491 50.59 40.07 73.05 135.00 44.69
492 50.60 58.65 68.95 132.62 39.42
493 50.77 85.79 65.91 130.42 35.46
494 50.92 89.51 62.57 117.33 31.38
495 50.84 12.40 60.62 84.13 34.01
496 50.82 24.73 64.99 112.17 40.89
497 50.84 63.00 63.24 119.72 35.72
498 50.78 28.37 66.90 118.14 41.21
499 51.25 16.19 63.08 90.03 35.15
500 51.09 97.74 36.33 56.80 20.03
501 51.26 54.82 63.34 132.06 39.71
502 51.24 50.59 68.40 138.92 41.07
503 51.60 78.57 67.75 136.71 37.31
504 51.52 93.53 57.25 109.85 25.88
505 51.55 4.81 45.66 55.90 23.81
506 51.81 9.48 52.67 72.61 31.84
507 51.59 33.69 70.99 138.64 43.57
508 51.68 47.47 71.38 147.69 45.04
509 51.94 37.49 58.58 118.98 37.67
510 51.94 74.63 65.78 135.41 35.20
511 52.20 70.33 58.94 121.01 34.13
512 52.11 30.37 61.19 121.43 36.99
513 52.14 22.37 64.58 112.58 38.10
514 52.16 41.10 70.00 147.17 45.21
515 52.14 65.90 66.53 136.66 37.37
516 52.23 44.50 75.01 163.36 47.35
517 52.09 59.08 64.11 137.13 37.49
518 52.28 81.87 62.80 127.49 32.40
519 52.38 19.06 56.03 98.39 34.54
520 52.37 26.79 60.66 110.12 37.34
521 52.55 96.81 40.94 76.48 19.83
522 52.53 88.96 64.94 130.93 30.14
523 52.66 13.64 59.30 95.22 35.52
524 52.95 84.88 65.98 136.78 33.23
525 52.66 53.05 67.51 148.30 40.76
526 53.05 62.74 61.25 123.21 34.41
527 53.15 7.13 46.09 77.86 28.14
528 53.14 49.77 70.08 154.92 42.95
529 53.25 34.45 64.10 129.73 39.79
530 53.37 92.90 59.55 122.84 27.66
531 53.34 56.97 63.01 139.96 36.90
532 53.67 17.62 55.21 104.92 35.13
533 53.41 24.88 59.74 129.79 40.02
534 53.62 46.50 70.82 158.56 43.17
535 53.49 73.28 62.89 142.60 34.01
536 53.70 77.45 60.35 133.63 34.35
537 53.57 38.34 65.59 142.38 41.19
538 53.74 10.60 48.21 86.00 30.09
539 53.65 43.05 57.99 141.82 37.75
540 53.77 30.55 58.70 124.87 36.39
541 54.03 68.11 58.96 120.74 33.09
542 54.13 21.70 52.61 108.04 35.21
543 54.23 81.03 66.54 138.84 34.62
544 54.17 97.03 37.64 75.47 18.70
545 54.12 88.76 68.12 139.98 31.01
546 54.35 4.28 33.81 74.67 21.50
547 54.46 14.85 54.32 97.23 34.53
548 54.43 53.83 63.63 140.75 39.16
549 54.52 58.83 63.85 138.23 36.78
550 54.63 26.57 51.48 118.63 34.32
551 54.46 63.55 60.32 128.49 34.46
552 54.62 49.45 70.58 162.06 42.79
553 54.49 6.32 34.66 50.31 23.50
554 54.64 40.76 68.06 164.51 41.84
555 54.89 85.13 67.68 142.93 32.56
556 54.84 72.64 55.90 133.86 32.29
557 55.09 33.62 55.25 120.56 35.48
558 55.23 37.03 53.61 136.04 36.15
559 55.08 93.49 53.24 113.79 22.88
560 55.20 44.81 69.44 150.38 42.28
561 55.13 11.05 44.28 91.86 29.34
562 55.48 18.85 50.71 103.08 33.12
563 55.43 29.76 58.33 133.75 36.04
564 55.73 7.50 40.68 83.57 26.45
565 55.74 76.85 56.20 120.97 30.24
566 55.80 22.39 50.65 117.17 31.82
567 55.78 90.35 57.25 120.98 26.47
568 55.80 67.17 59.33 143.69 34.08
569 55.76 52.70 63.90 144.68 37.51
570 55.87 62.45 61.85 141.47 35.12
571 55.94 81.65 58.68 132.54 29.96
572 55.93 14.69 52.46 104.46 33.56
573 55.90 40.74 60.77 156.82 38.74
574 55.96 48.35 65.31 158.72 40.72
575 56.00 57.61 62.50 146.77 35.71
576 56.18 71.55 58.87 139.14 31.44
577 56.24 25.66 47.91 120.07 33.45
578 56.49 86.29 61.97 137.75 30.32
579 56.73 32.15 52.11 137.85 34.09
580 56.75 10.82 47.14 96.57 30.14
581 56.93 35.71 56.42 143.66 36.78
582 56.95 45.84 64.97 164.06 39.76
583 57.02 94.53 48.06 107.43 22.57
584 57.10 42.55 60.25 157.41 37.75
585 57.15 38.90 58.30 154.07 36.84
586 57.07 16.42 52.35 115.19 31.65
587 57.09 28.72 48.91 132.71 34.98
588 57.12 52.01 64.29 170.81 40.46
589 57.32 79.45 60.14 151.85 31.86
590 57.34 55.70 62.27 157.06 35.49
591 57.20 61.30 55.74 138.41 33.33
592 57.65 18.89 47.11 110.71 31.73
593 57.38 66.74 51.30 128.22 29.82
594 57.63 75.83 58.88 143.81 31.42
595 57.49 89.60 57.17 133.87 27.91
596 57.51 22.06 51.86 121.74 30.98
597 57.49 6.60 40.14 79.67 23.94
598 57.56 49.11 69.57 176.38 40.91
599 57.70 83.19 58.84 149.16 32.68
600 57.58 71.88 59.37 144.28 31.95
601 57.90 13.34 46.39 101.41 30.15
602 58.07 24.96 45.30 114.91 30.70
603 58.50 92.57 50.34 125.77 23.00
604 58.32 33.78 52.84 133.37 33.49
605 58.39 59.05 58.72 146.07 32.28
606 58.50 43.99 64.77 160.18 39.26
607 58.44 9.53 43.56 102.32 26.17
608 58.73 85.85 57.97 145.35 29.79
609 58.48 28.79 49.02 133.33 32.34
610 58.73 40.89 54.54 154.19 34.38
611 58.72 63.47 54.36 149.03 32.23
612 58.61 53.80 67.91 167.13 36.37
613 58.79 37.64 49.63 140.36 32.75
614 58.98 69.96 51.14 134.43 30.16
615 58.85 46.57 63.83 167.52 39.26
616 59.08 50.24 64.84 179.55 39.83
617 59.43 77.75 54.05 139.04 30.83
618 59.40 66.81 56.39 152.19 31.78
619 59.19 73.94 59.22 158.10 31.20
620 59.24 15.72 47.03 108.91 30.14
621 59.25 81.43 61.14 156.08 29.69
622 59.32 6.41 36.29 83.21 22.65
623 59.21 19.86 44.32 112.23 29.43
624 59.26 88.99 53.50 132.80 25.16
625 59.60 31.62 48.63 128.64 30.78
626 59.57 23.56 45.91 124.86 30.50
627 59.70 56.09 56.78 158.41 33.55
628 59.74 11.29 41.93 91.46 26.57
629 59.97 93.99 41.02 103.94 19.22
630 59.83 60.21 59.63 154.64 34.54
631 59.95 27.47 47.70 124.68 30.73
632 59.96 90.32 47.74 124.16 24.71
633 60.09 35.50 54.28 156.58 32.33
634 60.07 47.66 60.86 185.68 38.62
635 60.26 41.68 55.25 157.26 34.99
636 60.40 51.97 59.47 169.14 36.38
637 60.37 85.54 55.50 150.60 29.53
638 60.56 38.62 48.52 145.78 33.55
639 60.82 44.71 53.56 139.59 34.42
640 60.72 64.04 52.63 146.70 32.33
641 60.61 72.70 54.57 147.33 29.28
642 60.71 18.89 42.93 108.83 27.75
643 60.92 14.98 45.29 106.15 27.64
644 60.77 81.61 58.49 157.00 30.16
645 60.99 7.72 36.01 81.94 23.30
646 61.08 68.48 55.87 155.01 31.22
647 61.07 33.43 51.49 150.05 31.26
648 61.04 23.84 46.14 126.74 29.34
649 61.29 30.23 43.25 131.25 28.16
650 61.11 55.25 59.17 178.66 35.81
651 61.57 78.72 48.16 136.97 28.35
652 61.24 59.37 54.26 160.08 33.10
653 61.23 88.04 47.14 134.48 25.66
654 61.38 48.34 57.31 153.85 35.58
655 61.52 11.46 43.86 107.42 26.37
656 61.83 75.44 52.23 160.22 29.87
657 61.96 91.39 46.72 123.67 23.27
658 61.77 27.21 44.34 131.54 27.76
659 61.88 20.90 48.08 125.50 27.81
660 62.02 38.25 48.52 142.55 31.16
661 62.17 42.54 48.43 125.98 31.58
662 62.11 52.15 56.72 164.13 34.48
663 62.46 82.84 47.91 134.53 28.37
664 61.89 88.56 50.05 157.02 28.08
665 62.30 71.20 54.95 163.89 31.63
666 62.52 61.39 49.13 154.03 32.70
667 62.47 65.82 53.35 148.00 30.73
668 62.52 35.16 50.73 147.97 31.65
669 62.48 5.43 31.15 83.71 19.43
670 62.49 56.80 55.46 171.17 34.94
671 62.66 13.94 41.89 102.20 26.78
672 62.79 94.01 39.09 122.52 17.04
673 62.75 8.90 39.90 104.41 25.29
674 62.79 18.46 43.89 124.62 28.72
675 62.76 49.11 59.88 166.52 33.95
676 62.81 24.30 43.27 124.99 28.46
677 62.96 86.65 47.52 135.44 25.12
678 62.97 31.31 43.69 133.60 29.03
679 63.14 45.52 54.38 146.97 32.32
680 63.33 75.03 54.27 160.51 29.49
681 63.47 40.74 49.46 140.47 31.18
682 63.41 53.99 54.50 175.63 32.83
683 63.68 27.57 41.18 124.45 26.64
684 63.63 78.90 54.17 164.18 28.71
685 63.59 69.77 51.77 154.70 30.36
686 63.93 20.41 46.34 130.20 27.50
687 63.90 63.76 49.21 143.46 29.91
688 63.97 15.35 43.40 112.91 28.09
689 64.11 89.78 47.02 128.02 22.56
690 63.99 5.25 29.15 75.29 18.32
691 63.95 34.96 45.24 140.05 29.06
692 64.11 57.56 51.51 148.08 32.88
693 64.20 9.79 40.66 96.17 24.01
694 64.42 52.13 48.88 154.75 32.12
695 64.33 94.50 34.72 90.71 16.02
696 64.38 38.44 46.22 142.47 29.07
697 64.29 48.11 53.03 164.12 33.58
698 64.48 23.56 44.53 124.68 27.94
699 64.65 81.35 53.87 155.73 28.70
700 64.60 85.05 52.02 144.94 27.25
701 64.70 43.59 47.46 130.70 31.21
702 64.63 30.93 44.55 137.72 28.60
703 64.75 74.57 51.23 157.13 29.16
704 64.96 60.64 55.79 179.39 32.23
705 64.88 69.30 51.37 150.21 29.22
706 65.27 12.19 41.65 106.06 24.77
707 65.15 18.08 42.14 121.32 27.81
708 65.39 26.91 44.51 131.69 26.13
709 65.52 64.80 49.16 153.82 28.98
710 65.42 5.63 34.37 91.58 19.00
711 65.54 34.43 43.77 135.06 27.65
712 65.53 77.78 57.49 173.62 26.87
713 65.70 92.96 40.23 119.89 17.46
714 65.65 50.30 49.86 170.70 33.12
715 65.92 53.66 47.94 162.37 31.51
716 65.85 88.83 46.76 143.23 22.88
717 65.76 38.17 47.75 159.36 30.68
718 66.01 57.03 49.27 151.28 29.81
719 66.02 47.41 46.65 166.21 31.23
720 66.02 72.34 47.96 158.68 27.29
721 65.97 43.74 52.40 170.22 33.50
722 66.10 23.00 41.30 118.23 25.75
723 66.26 8.62 35.63 93.02 21.76
724 66.23 15.05 42.00 108.23 24.99
725 66.16 30.61 44.26 134.24 26.49
726 66.42 40.82 48.85 164.81 32.11
727 66.33 84.59 47.52 148.63 25.39
728 66.51 67.91 48.64 158.57 28.97
729 66.32 80.61 57.05 164.86 27.45
730 66.51 19.17 44.50 128.46 26.47
731 66.39 60.79 51.12 162.19 30.53
732 66.79 75.97 52.79 168.39 28.85
733 67.05 35.61 42.67 144.70 28.58
734 67.05 26.89 44.10 127.31 25.04
735 67.15 4.57 28.58 80.87 17.43
736 67.38 12.58 36.81 100.70 23.73
737 67.32 45.81 52.62 171.42 32.77
738 67.32 91.99 37.59 110.48 17.48
739 67.45 64.00 47.63 156.07 29.18
740 67.52 49.34 45.10 153.11 30.90
741 67.56 31.26 44.07 134.09 26.03
742 67.53 87.34 45.76 143.43 23.20
743 67.52 71.77 46.32 161.09 26.96
744 67.49 54.16 46.87 153.68 30.86
745 67.80 39.14 49.18 157.20 29.68
746 67.78 42.79 49.53 167.77 31.88
747 67.85 82.54 52.42 153.62 26.89
748 67.81 17.27 39.89 117.18 25.32
749 67.85 21.86 40.92 119.70 24.63
750 67.75 59.29 49.36 163.11 29.11
751 67.91 78.78 49.67 173.20 26.67
752 67.76 8.45 35.52 103.24 22.17
753 68.19 68.34 49.22 165.42 28.01
754 68.43 75.15 54.26 165.36 26.72
755 68.41 25.90 40.30 123.96 25.53
756 68.62 33.39 41.07 152.74 26.57
757 68.74 51.11 45.23 160.51 30.13
758 68.94 36.72 41.40 150.67 27.74
759 69.02 90.38 37.67 121.55 18.68
760 68.93 5.30 26.85 82.23 16.91
761 68.88 55.94 46.49 155.79 29.26
762 68.93 13.88 36.39 105.76 23.57
763 69.02 45.13 46.16 152.98 27.87
764 69.10 65.40 47.15 159.98 27.31
765 69.10 85.99 45.47 140.08 22.85
766 69.15 9.41 33.32 94.46 20.08
767 69.35 29.42 41.46 128.68 26.16
768 69.10 60.89 45.82 155.61 28.76
769 69.26 18.58 39.85 117.30 25.67
770 69.32 41.30 46.51 161.61 28.60
771 69.32 80.83 47.14 147.61 24.82
772 69.42 71.08 44.82 150.40 26.46
773 69.67 22.49 39.25 122.74 23.44
774 70.21 46.73 44.23 160.07 30.70
775 69.92 76.13 44.59 147.79 24.69
776 70.18 26.00 39.29 121.95 25.12
777 70.06 50.34 48.60 168.52 30.07
778 69.92 53.70 40.47 176.36 29.29
779 70.17 32.81 39.01 135.95 25.03
780 70.29 38.46 40.10 146.34 26.66
781 70.47 58.80 46.96 167.98 29.31
782 70.54 14.59 37.31 100.66 23.41
783 70.49 10.82 35.26 106.44 23.04
784 70.58 62.70 44.38 155.71 27.61
785 70.43 55.44 44.84 158.84 28.44
786 70.66 84.84 41.15 135.85 22.33
787 70.60 67.39 42.06 150.44 24.86
788 70.76 89.23 37.34 121.24 18.74
789 70.80 6.91 28.35 81.32 16.35
790 70.81 19.01 40.12 119.53 24.03
791 70.87 42.38 44.51 152.71 28.13
792 70.80 80.63 44.96 147.68 25.45
793 70.98 72.13 44.93 155.59 26.35
794 71.17 35.25 37.97 144.82 27.36
795 71.43 30.03 37.31 126.64 24.29
796 71.53 53.37 45.03 161.07 29.20
797 71.44 22.64 35.67 118.29 24.50
798 71.51 49.67 42.94 162.69 28.04
799 71.50 76.42 46.32 157.71 25.98
800 71.91 45.10 42.85 150.16 27.73
801 72.07 26.59 39.00 127.47 25.50
802 71.87 57.63 42.33 161.17 26.27
803 71.88 65.06 42.10 163.52 24.66
804 71.96 15.67 37.94 112.40 23.95
805 71.95 39.53 38.76 149.08 25.98
806 72.25 11.28 31.62 89.33 20.39
807 72.28 69.14 43.52 154.63 24.72
808 72.35 80.96 44.84 158.02 24.73
809 72.50 85.18 39.62 137.28 21.59
810 72.52 61.29 42.50 149.44 25.25
811 72.56 7.23 25.70 87.26 16.44
812 72.59 88.63 35.43 140.37 18.63
813 72.55 34.98 38.63 133.75 25.03
814 72.76 19.45 36.31 110.40 25.01
815 72.74 73.36 44.78 155.27 26.27
816 72.84 48.50 43.14 171.76 28.27
817 73.02 23.67 38.54 120.98 23.99
818 73.28 77.48 43.17 147.04 25.51
819 73.09 29.87 38.24 127.03 25.12
820 73.48 42.32 38.49 143.48 25.21
821 73.16 53.22 40.74 153.60 27.76
822 73.29 57.20 40.40 144.35 26.24
823 73.45 38.90 38.91 147.74 26.42
824 73.41 65.28 38.98 138.02 24.37
825 73.47 16.04 35.24 115.36 22.90
826 73.66 45.68 40.90 163.35 27.40
827 73.89 32.98 36.94 140.47 25.06
828 73.78 70.19 44.38 157.18 24.45
829 74.03 82.59 42.58 129.95 22.83
830 73.94 8.87 26.83 90.09 17.11
831 74.10 12.89 33.01 101.84 21.40
832 74.12 50.19 40.96 167.54 27.26
833 74.31 88.55 31.67 107.89 15.79
834 74.51 27.52 35.32 123.41 24.43
835 74.28 61.55 39.82 154.03 26.19
836 74.55 20.57 36.61 113.86 24.04
837 74.60 36.18 34.03 137.74 24.94
838 74.66 24.21 35.38 118.12 23.19
839 74.70 74.03 42.61 142.82 24.64
840 74.76 53.70 41.70 169.75 26.94
841 75.00 57.46 40.43 146.44 24.50
842 74.92 16.84 33.25 116.61 23.21
843 74.96 77.95 43.90 155.45 24.18
844 75.20 65.53 41.47 152.24 26.02
845 75.13 69.50 44.09 156.70 25.20
846 75.25 39.54 34.72 135.28 25.09
847 75.21 30.24 36.37 136.65 23.30
848 75.15 43.49 37.65 150.94 26.14
849 75.35 47.04 39.03 151.78 26.68
850 75.32 10.50 28.04 98.87 19.75
851 75.66 85.81 34.86 111.32 17.69
852 75.81 32.99 34.04 136.79 24.71
853 75.86 81.17 40.16 132.74 22.73
854 75.75 50.44 40.29 167.61 25.43
855 75.71 61.10 35.83 152.53 24.23
856 76.09 13.96 31.16 102.80 21.96
857 76.32 21.59 34.04 111.01 24.34
858 76.16 53.93 40.40 170.23 26.06
859 76.43 35.51 32.45 133.68 23.81
860 76.44 17.80 33.81 110.52 23.13
861 76.34 27.47 35.87 117.88 23.44
862 76.66 72.70 39.33 139.09 24.27
863 76.57 76.67 40.43 156.31 24.25
864 76.67 9.02 25.05 83.74 16.62
865 76.76 68.92 38.57 150.32 24.68
866 76.74 41.62 34.62 156.01 25.02
867 77.00 57.11 36.47 141.04 24.74
868 77.02 44.84 38.08 157.55 26.33
869 76.97 65.07 39.02 148.99 24.53
870 77.03 38.29 33.90 143.44 24.72
871 76.93 48.59 36.76 162.42 26.75
872 77.18 24.34 36.55 126.82 23.26
873 77.27 84.67 31.53 121.00 17.08
874 77.02 60.94 37.47 156.52 24.54
875 77.46 31.36 35.21 127.46 22.80
876 77.48 52.96 38.97 161.43 27.08
877 77.72 80.11 37.53 137.64 20.60
878 77.68 13.87 29.19 91.07 20.12
879 77.99 27.46 39.06 131.42 23.32
880 78.12 10.22 26.51 96.08 17.20
881 78.15 17.69 34.72 111.97 23.65
882 78.06 21.24 36.66 121.32 23.33
883 78.17 34.87 33.60 132.45 24.57
884 78.17 75.69 40.13 149.15 21.99
885 78.29 63.14 37.33 170.46 24.03
886 78.21 47.70 37.30 143.03 25.25
887 78.43 67.45 36.37 145.65 24.64
888 78.38 42.19 37.53 147.46 25.09
889 78.71 59.65 35.29 141.32 23.94
890 78.67 71.68 39.31 140.50 22.36
891 78.68 38.66 34.33 138.10 24.29
892 78.71 55.71 36.53 160.59 24.81
893 78.74 52.09 38.69 171.97 25.15
894 79.00 82.52 34.47 127.81 18.49
895 79.15 23.43 36.92 117.90 23.13
896 79.13 30.43 33.77 127.75 23.19
897 79.54 16.01 33.45 96.18 20.96
898 79.53 11.76 29.62 84.64 18.17
899 79.58 43.39 33.49 139.94 25.61
900 79.66 77.01 37.07 126.97 19.63
901 79.63 26.19 33.85 125.90 23.89
902 79.58 49.89 38.96 180.22 26.64
903 79.63 20.03 35.90 110.89 22.71
904 79.63 34.57 34.93 135.72 24.11
905 79.72 46.62 35.19 159.64 25.54
906 79.71 63.92 35.41 149.17 24.03
907 79.93 68.52 36.74 151.51 23.29
908 80.01 57.81 37.85 163.83 25.48
909 80.44 72.78 35.65 127.47 22.56
910 80.31 37.57 34.58 140.62 25.25
911 80.31 53.93 35.94 150.75 23.91
912 80.69 79.75 34.11 132.03 19.17
913 80.77 40.37 36.97 151.09 24.76
914 80.78 61.68 33.52 144.22 23.40
915 80.60 31.90 34.56 140.70 22.84
916 80.87 83.75 26.02 105.58 13.91
917 80.73 13.46 29.96 103.09 19.25
918 80.67 28.37 33.58 133.13 22.98
919 80.99 19.00 33.56 107.87 21.60
920 81.03 23.03 33.14 113.87 23.10
921 80.87 50.13 32.92 144.32 24.00
922 81.12 65.82 35.31 152.17 23.48
923 81.22 43.21 35.19 153.74 25.23
924 81.37 46.29 34.16 146.13 24.65
925 81.35 9.56 20.32 70.17 13.28
926 81.71 34.21 32.05 127.04 22.81
927 81.58 58.74 35.27 156.18 23.61
928 81.73 69.60 34.89 141.14 22.28
929 81.62 55.49 35.70 153.70 23.13
930 82.05 76.82 32.50 128.20 20.17
931 81.78 15.44 30.44 101.81 19.57
932 81.84 25.91 32.73 115.93 22.08
933 82.01 37.75 31.49 137.78 24.26
934 82.09 30.14 33.84 128.92 23.02
935 82.42 73.64 32.80 131.22 21.16
936 82.12 49.18 37.66 162.63 23.37
937 82.37 52.78 35.27 148.78 23.88
938 82.41 80.88 28.47 115.48 16.18
939 82.51 11.83 26.61 85.92 16.33
940 82.50 20.30 33.60 108.82 21.82
941 82.54 64.69 35.26 147.74 22.79
942 82.73 60.66 36.12 147.01 22.34
943 82.58 42.27 34.05 149.77 24.53
944 83.03 17.06 30.09 92.31 20.56
945 83.20 23.60 32.57 108.09 22.81
946 83.13 46.21 35.82 147.89 24.19
947 83.25 56.28 35.64 146.08 22.86
948 83.28 68.58 35.29 153.22 22.09
949 83.32 27.57 32.80 116.62 21.93
950 83.36 34.74 31.06 130.12 22.46
951 83.27 38.84 32.56 138.69 22.58
952 83.49 31.45 33.66 130.36 23.03
953 83.47 49.79 35.66 158.62 24.28
954 83.77 71.75 34.48 141.97 20.72
955 83.68 13.63 24.55 93.16 15.95
956 83.94 78.11 28.02 118.24 16.72
957 84.07 52.78 36.73 148.40 22.41
958 84.11 62.52 33.49 149.45 23.06
959 83.94 42.83 35.79 159.86 24.41
960 84.05 20.04 31.24 111.36 21.32
961 84.13 65.96 32.05 149.11 21.15
962 84.26 58.89 32.88 143.43 22.92
963 84.87 74.05 28.92 121.43 18.58
964 84.34 37.26 32.09 153.37 23.47
965 84.76 15.18 26.56 86.44 17.09
966 84.79 25.58 31.37 111.50 22.10
967 84.79 29.11 34.25 115.29 22.67
968 84.75 45.91 30.83 138.74 22.93
969 84.95 40.44 32.30 144.99 23.48
970 85.05 22.21 30.32 109.57 21.82
971 85.07 33.12 31.07 124.85 21.91
972 85.01 49.75 32.79 139.37 22.52
973 85.09 54.86 36.38 145.34 22.68
974 85.36 68.88 31.56 113.48 19.54
975 85.38 18.20 27.38 94.34 19.44
976 85.44 64.54 37.60 160.77 22.39
977 85.60 36.77 31.01 142.05 21.87
978 85.81 61.42 36.17 150.26 22.78
979 85.86 58.19 33.32 150.36 21.93
980 85.99 76.90 23.44 93.86 13.56
981 85.88 12.44 18.22 73.34 12.59
982 86.01 41.99 32.34 136.45 23.41
983 86.16 30.11 31.38 123.31 22.24
984 86.12 45.50 30.73 155.94 22.43
985 86.40 51.97 34.43 141.06 21.50
986 86.50 26.41 32.71 108.49 21.52
987 86.41 48.65 33.48 144.52 22.51
988 86.46 23.30 31.98 111.04 22.03
989 86.54 15.48 25.27 84.54 15.47
990 86.60 71.50 28.40 108.01 17.42
991 86.80 20.41 26.14 96.67 19.40
992 86.67 55.51 33.44 147.32 22.40
993 86.74 34.67 32.65 123.44 22.65
994 86.82 38.41 29.88 130.92 21.90
995 86.93 64.92 29.65 122.06 20.76
996 87.40 17.84 23.57 99.11 17.79
997 87.27 43.84 32.74 142.83 21.86
998 87.33 60.49 35.07 142.39 22.82
999 87.36 31.31 32.21 124.47 22.27
1000 87.84 67.30 30.93 119.44 18.48
1001 87.63 13.34 17.89 71.79 11.73
1002 87.85 74.21 23.33 102.21 13.34
1003 87.82 40.81 33.42 144.64 22.68
1004 87.85 27.26 27.80 108.36 21.18
1005 87.81 53.31 32.48 143.91 22.80
1006 88.04 46.20 30.35 132.95 21.52
1007 88.11 49.64 28.19 122.18 20.83
1008 88.17 57.35 35.20 138.66 22.61
1009 88.16 23.72 29.52 100.40 20.67
1010 88.29 70.29 30.05 118.20 15.72
1011 88.34 37.71 30.55 128.13 21.57
1012 88.40 33.87 31.63 121.59 21.13
1013 88.57 20.22 28.17 93.33 18.17
1014 89.16 63.60 27.70 108.39 19.63
1015 88.64 16.45 20.31 78.46 14.11
1016 88.90 60.70 32.49 143.66 21.83
1017 88.65 30.04 28.03 108.98 21.42
1018 89.05 42.95 30.92 119.04 21.82
1019 89.13 53.86 32.34 138.90 21.80
1020 89.53 46.70 30.30 125.99 20.58
1021 89.63 25.68 27.55 96.30 20.07
1022 89.64 36.03 33.33 123.66 22.58
1023 89.88 50.05 33.53 127.42 22.08
1024 90.07 66.20 27.15 117.62 16.95
1025 89.81 69.36 25.23 117.52 14.13
1026 89.76 22.40 27.81 97.55 18.51
1027 89.89 39.53 30.16 119.13 22.70
1028 89.88 57.23 29.51 129.53 22.12
1029 89.87 18.40 21.88 82.55 14.04
1030 89.98 28.67 28.73 104.16 20.63
1031 90.00 32.58 31.40 108.38 22.14
1032 90.46 43.21 30.81 123.20 21.23
1033 90.60 52.79 30.12 132.19 21.34
1034 90.89 60.27 29.96 124.80 19.43
1035 90.91 19.87 23.66 81.18 14.78
1036 91.22 47.31 29.85 118.24 21.16
1037 91.19 23.19 25.85 86.62 18.02
1038 91.42 62.98 28.60 118.17 16.90
1039 91.18 30.69 32.45 114.42 21.77
1040 91.37 35.67 30.60 101.94 22.21
1041 91.43 26.87 27.17 88.24 18.31
1042 91.35 39.23 29.29 110.85 21.77
1043 91.54 57.02 29.22 133.51 20.32
1044 91.82 53.89 28.76 134.82 20.85
1045 92.03 65.39 21.02 98.58 13.55
1046 91.81 43.36 29.43 114.46 21.10
1047 92.18 50.45 29.37 124.76 21.21
1048 92.15 18.91 18.82 71.27 12.18
1049 92.34 33.14 28.03 107.09 21.09
1050 92.58 23.62 24.96 81.24 15.61
1051 92.80 29.94 27.72 102.66 19.01
1052 92.90 39.60 27.29 105.83 20.82
1053 92.83 59.49 24.73 111.51 17.25
1054 93.04 47.31 28.03 113.70 20.91
1055 93.02 26.83 24.87 92.19 17.26
1056 93.34 36.06 28.45 100.54 19.90
1057 93.18 54.96 27.13 115.60 19.25
1058 93.30 20.98 20.61 72.69 12.59
1059 93.18 43.66 30.04 117.32 21.06
1060 93.79 62.58 19.44 94.46 12.10
1061 93.87 51.18 28.82 117.03 19.06
1062 94.01 32.36 27.29 92.97 18.33
1063 94.22 41.26 27.87 114.16 20.13
1064 94.34 58.09 23.59 108.31 15.17
1065 94.37 25.73 23.51 82.19 15.04
1066 94.60 29.06 23.85 83.89 15.58
1067 94.61 45.20 26.77 107.31 19.32
1068 94.90 23.39 20.97 73.19 11.89
1069 95.08 37.70 27.93 107.18 18.06
1070 94.72 54.54 25.73 124.57 16.84
1071 95.02 48.91 25.96 118.96 17.94
1072 95.30 34.91 25.83 100.20 15.99
1073 95.89 32.66 23.09 83.89 14.92
1074 95.61 41.21 24.52 93.70 17.91
1075 95.87 52.68 21.22 104.90 14.82
1076 96.01 56.86 17.63 92.17 12.49
1077 96.10 26.97 18.65 74.57 11.59
1078 96.20 29.99 23.52 94.76 13.88
1079 96.11 46.13 26.21 104.46 17.59
1080 96.80 49.86 21.04 89.56 13.98
1081 96.45 38.50 20.37 60.00 15.31
1082 96.91 42.43 22.21 100.38 14.53
1083 97.47 37.26 20.07 71.83 13.67
1084 97.35 53.57 17.10 86.41 10.70
1085 97.47 45.77 20.35 91.22 12.83
1086 98.12 40.27 18.38 72.30 11.83

